100 100
80  92  74  10  58  78  14  22  13  91  81  47  25  54  96  54  49  92  16  6   65  2   19  73  5   10  48  44  18  90  26  21  21  1   93  95  100 100 58  91  6   36  68  61  3   18  92  53  44  37  97  29  48  91  56  66  100 100 59  42  74  85  38  34  55  55  99  2   81  86  31  76  11  43  25  31  20  97  90  54  72  2   4   43  99  53  46  47  90  49  62  69  18  43  98  4   64  28  95  2  
55  12  8   8   37  74  80  42  77  44  33  16  45  7   28  92  21  36  59  1   99  98  39  94  84  77  71  52  59  92  93  93  19  88  20  70  8   48  50  8   53  49  18  82  64  31  83  25  24  0   80  72  32  72  99  89  75  96  69  12  34  88  25  93  1   4   91  89  32  34  56  73  85  58  32  3   63  83  63  9   66  36  68  78  89  56  86  98  34  62  87  90  63  41  62  83  64  22  17  91 
27  76  59  65  28  82  17  80  29  81  44  21  85  54  43  69  94  38  90  63  67  87  62  33  37  28  80  24  6   84  81  30  23  26  76  75  93  80  73  93  72  75  2   54  98  36  53  40  11  10  26  45  33  66  99  47  62  71  44  81  56  61  73  57  1   32  87  82  55  47  7   79  40  100 58  55  99  35  25  60  55  2   88  12  91  52  29  0   70  96  56  58  87  91  59  36  48  51  61  76 
2   62  88  81  16  46  84  67  1   49  61  15  6   93  54  12  33  54  65  26  94  27  44  20  53  53  98  95  43  18  15  97  26  40  11  81  6   34  8   6   47  89  41  71  63  56  95  88  68  86  25  43  4   3   46  74  40  6   69  2   77  12  6   88  50  98  33  84  5   19  19  41  9   62  73  79  89  9   59  58  42  39  2   93  48  70  25  77  32  40  84  74  49  35  33  43  3   40  37  25 
22  27  75  63  75  35  96  83  45  78  88  82  98  8   20  15  89  3   65  60  4   6   55  97  45  33  4   68  73  47  82  9   46  78  14  15  44  27  66  44  45  53  34  41  14  74  9   2   87  88  27  42  67  32  42  56  54  42  49  36  60  62  23  33  42  59  97  2   81  82  99  55  49  13  18  38  46  56  58  47  33  90  10  15  94  11  17  10  2   51  63  20  94  49  6   87  65  87  93  75 
16  50  85  68  50  9   66  52  84  47  57  9   21  87  85  0   26  87  2   6   84  27  72  24  74  45  63  75  18  96  4   56  23  25  92  9   18  0   22  9   78  41  85  38  75  53  12  24  92  92  49  32  88  18  9   82  63  57  21  95  45  85  22  61  99  28  81  29  53  46  100 64  72  23  10  44  33  94  34  57  84  88  96  27  56  14  16  21  93  21  0   24  65  71  64  58  46  84  3   15 
48  21  37  79  77  92  5   38  93  7   55  14  19  18  26  37  76  88  38  50  84  43  48  11  18  85  58  11  80  88  12  18  50  83  99  41  25  13  61  56  15  19  29  58  60  49  37  1   35  69  68  52  86  27  24  83  94  2   61  9   37  15  34  8   62  39  44  69  20  97  3   65  77  38  77  8   34  30  80  37  95  28  54  88  46  92  55  47  87  27  54  57  34  31  59  36  1   40  67  16 
60  80  44  39  37  34  12  22  73  98  80  63  23  72  99  56  25  57  63  8   14  65  63  68  100 39  67  20  95  40  40  52  38  53  46  63  100 26  29  67  82  35  76  38  35  48  77  28  79  99  78  65  19  70  67  54  100 74  75  63  40  93  88  83  64  33  18  64  15  61  65  58  32  15  24  17  54  17  65  0   22  16  29  70  19  99  17  2   19  72  15  40  23  46  51  4   44  51  62  88 
28  55  94  81  89  4   48  26  30  32  8   50  50  90  48  60  23  37  90  93  21  86  53  66  75  40  94  97  33  19  65  69  87  97  69  44  95  74  42  57  41  9   98  84  49  10  62  87  9   95  40  62  20  27  36  44  43  59  36  59  40  25  95  65  30  39  58  18  89  95  2   62  19  98  54  22  36  51  85  65  91  65  54  50  1   78  54  12  17  31  61  65  19  85  65  95  23  95  91  86 
6   63  48  73  44  92  74  16  28  14  10  85  91  42  3   95  94  40  83  32  51  94  100 62  76  70  37  100 9   86  92  84  51  15  14  16  21  12  87  49  53  20  52  47  71  47  90  34  93  32  90  15  37  15  100 59  70  15  8   61  61  14  47  19  58  17  33  56  80  90  82  76  13  52  48  16  16  29  89  74  11  56  31  81  14  93  52  82  5   37  53  83  59  69  50  15  79  88  9   50 
10  33  80  15  0   95  77  91  14  30  47  52  99  60  54  99  48  23  6   89  14  24  86  25  20  0   18  77  8   44  85  42  69  18  5   37  87  38  4   32  40  84  95  84  94  72  29  46  34  3   93  35  55  45  78  63  67  81  18  93  60  96  80  88  74  39  53  38  68  5   10  35  36  87  28  81  73  86  36  67  15  46  60  80  90  62  51  73  69  53  71  51  73  19  24  6   93  57  55  59 
6   72  78  26  80  32  70  25  21  25  0   2   36  1   54  98  91  77  14  1   71  49  75  32  16  83  63  82  47  73  11  97  86  65  9   84  52  82  36  63  10  92  87  0   18  63  72  44  1   99  3   73  1   51  4   57  2   55  36  14  82  19  19  58  43  34  65  19  88  46  47  40  56  84  46  90  11  93  50  75  31  19  75  20  36  40  97  2   17  25  21  98  30  80  35  63  58  51  25  82 
29  22  3   60  1   72  97  25  50  12  31  82  85  37  85  16  45  98  77  35  61  44  20  91  63  43  11  5   100 36  46  27  40  13  28  22  7   35  72  89  41  38  79  86  25  59  49  24  49  61  43  28  10  18  39  17  16  9   93  23  40  100 75  27  34  85  70  74  32  39  12  99  17  54  38  3   66  54  59  30  30  42  30  67  0   62  21  90  44  3   45  27  76  97  19  46  83  24  82  18 
46  67  31  63  40  60  59  56  35  38  39  49  10  64  43  89  82  87  91  5   15  45  75  100 5   48  29  79  45  7   85  76  43  13  96  49  68  29  27  95  86  11  29  14  0   90  30  28  96  2   9   78  41  6   94  36  24  1   18  13  29  28  16  92  21  31  36  66  51  47  1   19  61  32  99  28  11  48  40  59  19  31  46  79  64  1   63  48  3   6   13  87  45  84  60  68  71  64  11  1  
9   55  18  34  30  18  73  95  47  60  79  16  19  49  8   35  61  63  58  44  39  72  21  7   62  64  43  85  40  48  44  99  0   69  48  83  33  26  64  22  41  24  22  58  99  32  76  83  63  98  48  31  48  22  62  93  36  36  28  14  38  91  73  55  43  3   13  38  75  68  2   70  66  70  58  2   88  76  54  36  99  52  3   77  41  100 55  84  13  26  75  90  74  24  61  74  43  41  37  11 
70  55  62  88  37  35  88  37  5   72  77  98  45  51  15  71  32  17  55  88  31  55  26  34  60  55  69  77  11  75  18  35  73  44  0   10  74  77  17  49  69  62  17  88  12  89  45  37  90  100 16  50  56  30  6   85  15  17  85  91  67  91  57  97  24  88  16  25  42  60  25  9   7   76  21  84  52  44  58  27  34  74  3   40  36  31  31  24  47  85  21  40  16  30  26  68  39  43  32  67 
86  38  86  18  73  21  39  26  97  32  66  67  17  41  21  26  77  97  99  28  90  72  82  71  25  48  5   57  92  98  7   85  78  13  64  52  30  18  100 97  17  24  86  21  76  94  21  94  77  33  52  81  83  85  16  60  41  16  50  72  17  79  99  89  74  80  71  15  56  22  71  81  23  14  32  96  6   63  50  11  68  9   52  9   94  31  50  75  64  18  4   57  38  71  11  45  48  90  31  52 
36  10  69  87  3   38  68  34  72  10  21  64  16  8   73  9   19  74  12  70  18  12  47  51  47  89  10  84  36  77  38  52  29  41  98  12  85  5   64  6   62  30  36  36  72  95  70  73  75  12  35  70  60  98  37  11  72  24  0   0   6   99  19  39  60  65  2   67  24  7   83  93  68  49  88  23  40  57  69  74  77  98  88  38  92  97  20  20  61  100 24  57  70  5   81  87  90  85  4   52 
38  7   38  30  55  28  75  76  1   68  42  2   31  0   28  27  24  52  55  77  69  8   2   92  24  79  85  88  12  46  32  82  79  57  98  24  59  70  31  38  23  20  62  49  32  8   91  24  47  16  90  53  70  53  9   22  23  76  86  1   26  65  92  15  25  2   90  38  24  16  93  45  45  0   61  4   47  97  66  11  64  27  23  18  55  93  42  76  61  8   42  61  53  3   44  94  19  51  87  80 
1   37  73  86  1   43  67  26  57  0   69  32  87  14  48  12  27  10  61  22  32  34  1   45  8   97  31  19  75  60  7   69  46  2   6   43  60  62  57  32  34  90  81  91  92  21  28  81  31  99  61  14  38  0   58  15  82  31  94  43  4   16  2   2   76  44  2   23  66  38  0   50  77  12  45  54  85  69  18  83  53  62  26  17  55  57  47  24  32  25  82  0   8   14  49  46  35  35  100 5  
98  22  6   21  32  82  92  22  48  89  48  63  44  12  9   54  43  25  11  30  100 88  57  5   2   19  56  73  1   99  16  19  33  9   37  26  76  92  24  19  25  80  84  19  5   3   11  40  48  79  29  58  88  37  81  22  66  96  43  48  12  90  60  96  77  99  2   62  26  32  47  56  17  59  73  68  62  84  92  19  62  61  43  37  73  5   79  99  51  41  25  84  85  69  4   20  22  79  10  57 
16  54  49  56  76  93  32  35  66  20  42  35  61  61  84  73  21  33  62  1   74  85  69  24  53  79  52  55  37  7   60  69  77  10  11  38  4   14  18  49  57  18  86  90  25  9   66  18  10  57  82  15  78  97  82  5   77  87  31  47  43  1   27  63  38  53  21  30  62  32  77  63  16  3   3   44  61  94  57  24  65  84  14  23  31  49  79  78  85  65  68  74  1   49  73  34  77  56  67  26 
97  81  6   88  22  60  22  70  28  44  37  96  54  67  10  74  48  93  98  37  61  72  81  3   69  35  56  100 14  73  59  27  70  92  36  37  56  63  99  79  15  35  1   39  50  8   50  7   64  6   63  9   28  5   75  62  71  42  95  35  79  59  47  33  92  82  90  96  88  68  7   66  19  17  32  14  48  72  62  64  94  3   86  45  28  49  97  1   17  18  20  68  86  32  8   49  76  95  69  24 
65  58  30  24  12  30  5   27  28  18  36  36  86  96  31  94  81  40  90  40  70  94  60  100 17  76  25  16  29  24  72  17  19  50  67  78  81  59  93  78  42  57  100 89  23  9   46  93  99  69  53  55  15  72  30  16  70  63  55  73  78  53  94  65  47  3   67  7   34  90  45  51  36  78  3   97  4   56  89  25  59  14  86  42  19  43  62  32  5   80  51  2   95  64  61  95  15  59  17  84 
74  20  3   54  3   86  44  93  30  95  13  7   75  89  4   52  26  87  25  21  74  64  8   27  84  96  40  17  65  46  89  58  0   66  69  21  26  49  4   0   70  61  77  41  27  28  99  93  87  58  9   87  38  58  74  82  55  97  37  7   22  42  70  95  57  4   9   0   93  32  15  100 62  31  36  32  6   5   51  21  31  41  75  69  8   0   61  32  65  9   64  3   26  59  20  39  52  59  99  63 
81  69  49  77  24  65  49  73  81  29  0   77  34  32  27  97  67  79  40  91  9   31  88  56  7   21  80  52  42  43  77  69  58  75  50  100 72  57  89  1   36  12  34  95  49  73  22  77  2   44  89  56  100 70  24  81  52  32  75  61  8   23  35  7   95  68  60  3   71  24  9   49  72  87  62  74  9   91  28  28  53  47  2   27  4   47  66  67  93  59  9   62  70  35  7   48  9   13  53  34 
22  12  68  91  100 62  4   73  62  42  88  62  41  10  98  73  30  6   5   32  45  13  89  17  21  78  82  59  69  30  64  0   13  14  71  36  36  61  60  11  55  50  59  46  16  86  65  7   13  81  19  28  75  64  73  83  18  28  27  20  52  87  90  14  55  59  62  43  38  22  49  17  58  67  32  48  28  29  94  83  64  21  77  72  45  99  42  96  98  23  35  83  28  68  31  97  47  69  68  60 
62  41  72  36  17  42  88  56  11  65  3   54  27  87  55  64  36  51  79  57  70  49  7   42  27  18  76  19  15  66  70  19  100 31  22  37  94  12  35  38  90  31  18  11  90  22  76  26  23  53  55  43  45  95  44  56  5   16  74  54  52  85  4   55  1   56  45  22  26  96  99  71  15  55  32  12  20  24  3   55  2   67  32  75  69  85  29  13  93  19  62  83  86  30  26  88  67  100 87  82 
28  30  37  37  82  33  52  66  33  64  12  42  17  87  10  51  18  12  31  67  33  51  59  91  99  11  37  5   73  75  74  92  13  63  90  60  98  45  41  22  18  56  62  65  20  41  33  22  9   14  99  90  59  71  99  40  52  80  84  41  42  92  74  31  24  75  83  15  43  14  24  74  66  2   47  95  28  20  71  66  87  74  30  74  8   92  72  97  16  39  21  50  90  94  34  61  8   53  27  3  
87  11  97  99  53  90  47  87  51  70  92  29  50  38  63  13  42  84  18  35  36  97  26  47  97  29  35  34  0   60  74  11  25  17  61  26  63  29  28  12  13  70  73  81  86  33  40  78  38  66  21  88  9   58  81  27  94  19  52  95  85  46  53  63  74  3   62  56  0   97  9   58  33  85  39  51  40  71  27  8   96  40  65  22  28  62  70  19  49  48  5   99  37  76  28  55  68  81  66  85 
13  27  56  1   7   42  31  42  94  41  48  85  34  14  72  46  55  97  8   52  94  36  80  51  1   93  31  51  97  37  6   56  43  47  86  48  16  66  70  39  68  59  86  77  61  41  1   34  54  99  36  98  96  52  52  4   99  59  25  38  66  81  98  75  82  53  22  85  82  74  23  19  28  8   38  58  100 30  20  65  50  20  19  10  57  97  51  54  27  67  14  34  28  77  91  31  94  12  41  100
1   64  72  78  76  27  85  87  88  52  58  15  88  66  18  69  28  85  48  37  78  77  75  29  29  24  36  70  87  6   100 16  65  52  2   59  79  87  51  33  100 27  67  44  91  60  33  1   59  23  99  71  35  3   61  33  35  22  33  91  55  97  90  60  80  74  68  23  50  84  64  75  90  65  8   58  6   34  62  76  69  94  76  45  83  34  17  87  58  30  72  40  72  74  14  85  41  0   49  76 
55  92  9   87  8   87  71  88  8   97  0   96  74  67  91  95  40  21  89  29  10  35  95  0   94  55  53  17  55  31  85  74  20  55  84  89  87  43  52  11  55  7   26  42  39  4   48  13  90  54  26  96  23  37  93  60  67  86  96  38  5   53  5   91  79  72  1   59  12  47  42  16  47  12  47  76  10  82  41  75  95  62  85  61  24  4   88  49  16  83  93  26  3   96  73  6   61  51  88  73 
68  65  13  28  50  57  86  84  28  64  45  43  78  3   44  73  30  99  57  14  67  39  82  17  81  67  76  67  28  43  4   65  48  50  89  51  3   85  8   42  97  88  50  96  41  2   3   15  1   45  89  72  56  81  62  94  100 79  81  35  15  80  74  42  54  21  66  31  14  28  90  60  54  9   81  36  29  90  63  27  31  24  0   33  58  3   70  12  79  83  50  1   48  92  23  32  43  16  100 67 
17  80  62  96  74  47  35  18  57  60  57  58  39  47  90  37  16  5   4   50  10  15  36  85  59  9   2   45  52  40  76  82  66  87  81  96  48  58  88  10  27  29  99  42  97  48  55  18  12  90  92  62  34  31  12  7   22  98  30  13  68  92  69  39  26  42  90  84  42  33  65  60  77  77  42  27  80  93  21  76  36  66  23  62  37  71  39  48  51  39  83  48  44  94  34  98  94  13  90  7  
56  70  92  30  25  50  20  44  74  78  71  50  2   91  41  55  8   50  80  24  78  97  42  95  54  90  28  25  85  80  2   82  80  99  83  57  53  37  68  47  12  8   34  26  66  43  30  54  83  76  60  41  77  77  9   60  3   59  5   77  86  50  70  98  33  88  90  14  32  19  16  86  0   41  81  65  11  22  17  33  80  24  91  71  66  47  60  2   15  37  87  78  7   48  26  43  98  89  94  41 
74  98  46  27  60  1   43  53  0   55  13  53  81  72  43  59  61  24  14  18  91  67  77  98  10  83  14  12  5   54  47  48  18  62  15  48  19  38  5   60  38  83  34  70  78  68  3   83  91  62  76  47  33  68  83  81  44  40  11  7   97  97  90  35  60  56  35  74  22  4   40  10  63  46  45  56  41  3   47  98  70  51  48  78  17  66  12  37  76  68  34  41  54  8   19  32  86  48  77  21 
41  65  70  63  89  66  26  15  16  28  38  81  46  98  47  58  75  29  95  67  8   2   62  21  17  20  58  43  15  51  27  70  66  2   27  60  46  68  42  69  100 53  4   78  95  35  92  32  76  27  28  6   20  35  94  29  21  25  47  51  9   55  26  99  62  2   65  7   98  19  27  56  49  25  78  77  54  29  50  26  56  35  39  1   23  69  7   12  87  23  13  59  91  81  46  69  9   41  95  97 
91  11  64  16  32  15  27  85  0   51  40  94  10  60  36  81  39  57  20  45  17  69  33  54  58  59  65  85  50  75  76  17  32  1   35  9   73  61  28  1   49  59  56  96  40  83  8   55  67  71  80  18  39  80  69  30  30  62  53  51  7   68  14  12  65  75  24  71  71  76  88  91  35  9   33  95  32  84  6   53  22  65  56  33  15  66  40  20  98  36  21  44  62  95  59  56  49  26  37  0  
95  26  88  65  22  70  32  63  43  96  85  76  29  39  17  28  79  53  70  53  58  68  58  21  26  71  13  4   50  23  42  42  17  42  76  34  24  6   8   17  87  37  60  25  3   46  36  36  6   7   55  38  50  68  78  32  72  53  11  44  1   32  57  81  55  40  80  42  91  94  56  3   100 87  7   6   59  47  5   75  83  19  70  65  31  26  59  84  36  19  75  74  62  61  44  73  52  97  61  87 
32  70  55  26  88  70  42  48  47  57  90  62  58  42  9   32  7   69  57  98  9   22  11  89  60  67  43  91  3   20  53  74  71  97  37  80  70  4   34  0   20  17  14  16  26  87  47  41  47  34  66  82  25  74  37  48  18  35  85  11  78  63  68  42  70  4   96  100 79  47  53  25  25  11  27  10  88  24  25  84  54  95  22  84  52  38  34  100 40  19  24  54  85  62  0   48  90  44  45  31 
59  64  36  31  39  28  82  52  33  60  42  21  74  30  52  19  47  71  77  46  8   54  69  98  47  16  70  2   69  16  12  83  57  0   42  5   2   63  30  6   89  63  3   75  95  77  18  31  81  99  90  8   43  86  87  51  3   42  38  9   3   37  61  46  58  7   87  72  75  83  10  17  52  64  16  68  46  95  14  60  36  55  79  65  43  88  85  78  34  62  65  10  35  42  58  35  39  58  9   91 
65  37  59  96  56  80  14  85  43  72  50  17  63  69  49  66  78  49  95  37  50  34  98  56  2   53  26  68  52  77  4   20  80  44  27  51  39  73  22  56  96  59  8   97  12  30  47  55  74  25  12  9   52  54  34  1   35  60  97  98  66  34  24  43  79  55  4   99  6   11  100 4   35  82  37  36  71  70  87  22  40  94  86  39  39  2   43  5   47  93  46  30  88  64  7   20  16  99  50  18 
23  77  47  52  8   95  77  4   62  63  4   14  64  0   36  66  74  20  20  3   28  34  47  33  59  2   38  28  90  95  63  25  2   35  5   68  94  37  76  4   92  15  4   35  80  54  2   35  64  41  68  53  54  6   54  57  45  89  4   18  96  3   90  39  59  48  33  82  16  20  61  9   80  26  21  42  93  59  81  36  60  30  19  48  87  72  27  20  86  63  72  84  86  8   18  54  91  15  0   36 
80  34  7   100 59  87  13  12  50  26  72  38  56  39  98  4   71  32  72  18  99  99  9   2   58  40  64  91  26  63  77  86  7   4   34  39  90  29  3   55  46  15  100 7   36  62  22  97  91  69  58  20  33  23  26  98  57  97  100 27  36  60  83  86  18  99  94  77  27  67  71  13  3   21  23  63  97  76  33  32  92  38  17  66  92  3   81  81  7   15  50  74  87  20  20  21  19  79  90  7  
52  69  13  8   31  85  58  12  85  81  34  75  30  4   97  71  51  38  78  12  23  66  76  22  79  57  49  93  56  60  17  93  96  19  58  97  36  91  54  21  74  74  15  3   58  35  90  38  16  59  50  62  31  9   48  32  40  22  33  76  48  33  41  3   60  10  81  53  15  93  98  80  100 89  31  36  47  30  60  33  14  40  95  23  92  27  83  55  66  33  88  31  15  17  21  58  75  100 80  100
50  2   80  2   29  56  79  99  23  86  96  74  16  65  37  82  22  3   34  65  81  71  28  57  86  30  87  8   43  40  51  52  7   70  17  71  77  40  37  72  56  30  15  28  32  62  80  62  44  50  16  5   2   84  7   57  54  25  30  80  74  20  0   69  84  18  8   13  93  31  98  90  59  95  59  20  4   75  33  11  58  81  13  78  85  91  37  0   93  50  86  35  57  80  83  74  38  81  47  93 
57  31  74  39  91  24  12  60  51  62  25  69  5   64  64  20  38  43  43  66  12  43  76  77  53  23  75  6   48  38  92  16  72  62  38  86  10  89  97  98  21  47  61  52  41  14  71  9   98  57  10  94  98  13  7   23  61  36  9   97  100 6   91  70  42  49  94  92  51  70  49  7   73  43  75  18  69  49  84  87  42  19  79  80  82  64  50  79  84  39  43  4   17  95  56  17  88  47  72  36 
15  99  47  21  59  44  87  18  68  2   85  89  60  60  97  36  59  40  19  8   89  99  22  13  71  33  92  52  56  15  71  93  66  57  99  30  38  26  72  75  41  58  30  10  58  65  19  67  88  1   77  63  65  27  43  92  20  97  71  96  64  80  94  21  22  93  19  45  54  45  24  2   20  27  66  24  39  85  7   60  94  29  77  91  45  4   38  42  40  34  15  74  27  62  27  56  41  22  89  85 
38  53  74  78  92  34  94  63  45  21  8   84  75  56  46  80  1   28  14  69  81  6   34  47  52  82  85  44  90  80  48  32  23  31  48  39  50  95  18  10  100 93  71  41  95  65  56  88  26  89  46  84  17  76  81  17  76  71  9   16  70  53  63  30  35  92  96  65  39  37  84  68  77  4   3   35  5   24  35  59  63  78  94  5   94  25  81  48  9   30  66  73  20  91  0   56  83  53  98  64 
96  32  33  98  27  50  34  99  1   14  94  4   31  89  14  62  11  87  16  27  47  60  5   30  39  27  54  95  92  15  27  19  31  51  16  39  33  9   83  11  92  19  62  57  22  74  54  66  46  27  9   72  98  97  80  12  8   15  75  21  17  35  15  6   31  60  61  22  82  58  53  93  30  20  71  42  63  66  79  17  49  97  36  79  95  54  34  40  37  16  44  66  2   59  66  87  47  7   84  48 
95  89  23  13  82  46  86  23  44  29  31  90  72  20  71  23  76  2   84  74  75  99  36  8   92  77  89  12  79  20  92  10  75  34  66  49  32  4   17  18  68  7   1   17  71  50  28  24  30  93  79  64  84  86  16  99  86  94  14  2   50  36  74  55  4   22  11  3   94  52  23  68  74  37  69  57  9   79  41  16  70  1   30  26  91  60  85  76  19  37  18  99  67  60  25  11  64  43  47  60 
78  7   38  47  78  64  21  80  84  65  25  48  43  53  47  89  13  50  83  61  14  20  82  52  32  75  89  88  57  59  17  53  82  50  91  19  24  3   88  7   52  85  3   30  24  82  44  29  52  32  8   93  8   23  84  22  68  7   73  87  60  25  7   12  46  67  61  77  2   87  24  47  93  4   47  61  22  67  72  72  61  89  52  88  93  29  1   95  3   11  33  71  64  78  6   52  11  15  74  90 
65  49  51  28  87  78  33  44  71  97  78  74  13  100 24  41  68  44  57  51  16  53  36  30  41  46  17  25  48  81  97  17  34  5   76  32  95  62  66  69  4   86  38  98  32  21  23  19  6   51  34  53  100 46  78  11  93  11  93  66  14  57  75  28  2   79  28  2   54  99  19  30  19  37  2   100 39  99  39  14  77  23  5   81  9   11  69  20  68  71  66  57  54  92  62  30  12  92  72  36 
88  84  56  42  50  100 19  31  56  41  21  29  0   44  15  68  4   70  4   11  96  99  71  64  65  84  75  33  16  30  4   66  48  59  44  44  94  61  70  26  93  76  17  64  70  34  27  26  99  34  8   82  74  78  74  33  39  7   52  12  28  61  28  38  45  45  31  41  97  42  42  58  76  76  11  70  50  42  35  32  38  10  2   41  5   57  31  78  7   50  3   78  86  33  65  93  39  41  17  24 
25  3   1   65  12  17  15  39  38  84  79  19  85  58  63  80  26  26  55  15  75  97  5   87  33  55  44  63  0   35  64  27  65  37  16  38  81  14  70  2   65  65  52  18  24  7   86  57  62  17  67  20  88  32  20  28  56  17  68  99  1   64  99  17  86  32  3   15  85  28  58  34  85  15  74  57  43  83  18  80  89  79  98  78  13  11  20  58  13  33  87  82  70  61  41  27  45  99  2   12 
40  25  90  62  10  59  94  41  76  80  96  88  75  58  76  94  47  74  74  34  71  43  76  39  98  35  36  41  67  8   38  20  55  5   72  11  21  9   52  1   47  6   82  74  100 72  25  21  70  98  48  74  35  75  52  63  6   53  53  21  13  27  4   25  50  17  14  16  99  31  71  14  83  59  98  90  76  65  18  38  55  39  25  9   40  37  22  27  21  53  88  6   41  20  53  86  7   97  43  21 
100 63  38  88  57  26  22  81  22  3   23  17  16  61  28  97  86  84  39  47  90  91  38  64  65  16  95  8   84  12  97  96  26  12  40  48  59  44  76  100 71  84  4   65  61  52  82  88  90  66  51  26  39  94  69  97  11  3   51  97  81  92  26  15  37  95  25  76  29  1   65  57  99  83  60  17  42  62  56  92  31  74  56  33  28  78  15  75  6   58  16  27  9   82  85  33  9   57  63  4  
48  34  61  25  95  59  39  44  11  1   60  99  63  48  5   13  87  84  66  74  90  43  50  98  8   69  19  20  96  75  52  63  70  14  21  63  84  23  17  94  63  20  84  18  84  91  90  91  76  87  78  25  26  62  10  79  59  77  5   16  30  23  5   68  33  0   77  50  2   86  50  73  74  46  88  49  29  77  53  100 36  11  20  13  16  29  32  60  23  94  67  46  16  30  26  15  47  19  1   85 
59  28  33  76  10  55  47  35  14  35  26  82  77  42  93  54  98  55  52  97  89  11  93  64  3   57  65  2   22  27  12  41  35  74  30  77  78  87  7   53  37  48  12  27  2   2   87  79  89  49  48  12  93  83  73  72  53  24  21  35  33  34  96  2   10  34  25  80  29  71  60  76  75  84  80  58  42  40  38  1   80  51  1   100 22  87  12  19  38  11  82  82  88  72  75  69  57  48  93  96 
11  64  16  47  91  61  50  43  48  95  62  31  50  85  55  6   14  40  16  83  35  89  85  78  98  87  44  23  86  48  46  26  57  33  93  50  32  88  43  17  1   56  87  56  52  5   78  24  12  79  95  21  42  98  88  23  83  93  56  71  51  47  53  84  18  71  93  41  27  98  37  61  67  9   73  26  34  82  59  55  19  57  78  53  11  66  20  69  89  72  53  38  46  65  25  25  75  36  67  66 
4   92  28  16  18  80  45  74  42  8   16  56  49  99  84  34  55  41  40  32  78  55  4   23  39  70  66  86  12  22  27  38  47  37  27  1   5   8   39  91  40  33  64  79  54  31  85  58  3   25  12  11  3   84  32  15  73  94  100 32  97  16  1   5   56  9   95  79  81  14  43  60  92  82  13  82  56  36  58  59  72  29  27  28  50  24  55  18  32  65  26  58  69  48  89  77  71  79  92  24 
8   13  13  43  65  40  24  69  70  28  68  82  66  47  71  98  45  87  23  10  28  13  99  100 99  40  44  33  54  5   67  47  64  26  52  95  12  77  92  47  65  21  2   83  39  35  15  22  15  62  88  97  28  31  55  3   0   18  7   44  93  77  97  5   22  15  96  80  29  96  60  97  5   41  32  98  42  94  2   49  62  47  49  55  61  17  25  25  63  45  11  74  87  93  59  25  90  46  84  8  
12  89  98  91  58  11  39  5   62  79  67  53  32  94  87  99  80  92  74  97  93  62  10  84  24  50  83  38  86  9   20  63  50  99  4   52  14  46  0   28  59  19  75  16  30  19  11  60  71  5   70  24  95  55  99  44  3   62  65  72  30  61  30  55  21  75  57  66  90  72  66  30  35  91  40  17  75  82  60  76  78  100 58  69  82  87  14  27  55  10  10  41  94  55  37  49  67  51  74  32 
98  13  61  73  38  29  27  68  6   16  91  90  59  98  92  12  61  92  29  26  98  58  41  47  21  3   2   82  17  45  52  68  25  77  13  87  26  58  67  92  51  59  85  81  72  23  49  32  9   91  38  60  71  40  20  48  87  33  63  27  86  45  74  65  95  43  56  6   78  10  4   46  43  25  40  94  48  21  62  29  37  59  56  45  28  36  69  72  40  83  23  54  5   61  19  97  94  11  83  13 
5   82  9   97  10  99  33  43  99  33  7   90  34  6   7   78  50  4   56  25  3   13  35  40  91  54  6   95  97  75  77  38  90  51  100 48  62  81  25  48  21  56  19  89  75  83  35  24  78  43  10  55  43  85  92  95  14  39  35  91  33  15  94  81  65  71  54  6   35  1   72  34  44  26  46  40  85  56  11  51  72  16  80  60  0   62  52  60  82  95  20  19  60  9   63  55  56  15  14  22 
95  9   94  83  3   50  77  2   24  91  64  74  87  42  41  70  33  37  95  53  48  12  96  82  61  79  52  7   77  35  3   56  55  76  25  87  71  20  18  10  6   22  93  93  0   31  95  84  4   62  91  37  92  86  16  55  33  51  42  56  7   98  86  29  9   21  21  24  5   32  64  8   33  37  3   18  66  66  11  1   17  14  50  78  40  58  60  55  69  2   16  4   55  9   56  1   65  61  51  65 
4   54  9   29  79  95  96  45  32  18  99  16  63  72  52  0   95  47  62  90  39  51  7   77  85  68  14  45  23  51  34  0   23  68  67  15  64  96  97  7   36  100 56  100 69  65  56  99  78  66  49  39  37  63  30  17  64  63  86  33  62  89  24  35  30  98  86  51  49  49  38  15  14  45  35  59  48  69  31  76  46  48  99  59  84  81  81  64  27  50  42  69  1   42  64  68  34  62  88  44 
50  99  98  18  33  6   16  58  32  92  41  22  85  66  66  13  22  51  29  67  38  41  91  15  98  43  22  35  32  54  92  20  87  40  74  65  99  7   63  19  2   5   18  97  69  81  88  5   63  100 39  74  40  39  0   4   45  90  81  52  25  67  39  5   42  15  0   48  8   87  10  86  72  97  52  62  30  20  22  35  34  87  76  34  78  68  34  18  43  21  70  36  61  46  94  61  55  37  89  40 
90  79  24  91  69  63  70  29  72  57  25  65  51  40  43  81  79  0   19  81  76  10  40  9   32  84  81  8   69  87  99  77  38  30  41  6   99  60  68  16  32  0   47  34  90  63  21  58  20  93  85  32  24  41  62  4   68  57  39  13  98  44  43  90  64  28  38  89  0   6   10  19  38  92  79  86  9   100 14  24  92  87  75  47  33  53  44  21  26  31  80  89  19  75  6   66  71  61  45  30 
55  87  14  45  54  33  47  39  59  74  32  35  63  30  31  27  84  46  4   67  46  60  73  87  13  83  29  18  1   62  36  59  5   1   46  75  91  34  15  9   43  73  89  35  11  86  12  54  28  57  86  19  73  73  75  41  28  28  14  73  65  1   51  43  24  58  79  85  50  58  8   89  38  47  51  47  88  88  58  35  46  51  57  9   30  12  58  44  47  71  72  31  6   49  34  67  95  73  82  51 
75  56  71  44  46  93  64  9   65  93  59  13  48  98  89  14  96  44  57  13  82  10  65  34  66  100 4   86  0   53  86  54  66  7   8   60  72  42  80  20  61  69  77  13  96  51  32  41  10  71  46  80  32  77  28  34  77  65  98  81  89  63  68  18  40  56  29  49  63  2   56  95  4   74  68  26  69  2   0   7   53  52  52  64  16  21  37  29  25  48  85  6   50  64  100 17  87  2   48  98 
92  71  45  11  46  78  46  93  56  0   65  81  22  45  50  15  2   85  12  51  1   51  67  64  26  40  63  47  1   34  34  10  13  31  84  59  30  35  75  25  41  62  27  78  39  43  8   45  51  73  62  37  16  15  8   92  69  72  29  14  54  90  70  43  3   76  82  54  28  79  81  26  82  99  59  93  51  88  33  71  18  99  94  16  81  28  33  99  83  64  62  33  99  26  9   58  71  28  67  80 
24  7   15  20  47  92  50  77  8   5   6   24  98  25  6   0   67  0   86  54  64  56  55  85  77  18  6   24  80  99  89  20  94  36  53  58  26  34  17  54  54  64  24  46  26  72  36  88  81  17  80  11  20  77  61  57  92  33  43  82  72  91  46  50  74  59  20  17  54  4   10  6   47  76  37  85  54  50  23  77  8   34  44  5   24  49  27  70  33  55  65  78  51  88  19  22  90  16  74  90 
85  64  19  69  94  33  7   11  19  18  27  37  49  89  47  54  36  89  23  45  37  33  2   51  70  87  54  27  0   70  41  10  55  1   25  0   28  70  99  86  26  23  75  36  32  75  86  72  33  9   87  91  50  11  89  68  64  81  56  67  67  43  44  78  22  10  43  69  6   55  84  91  87  46  88  96  87  29  6   15  56  83  100 28  99  92  49  38  70  91  24  99  23  100 44  19  66  75  18  88 
16  8   10  40  58  21  27  82  92  93  41  67  93  96  1   56  99  51  23  18  49  23  52  62  30  31  29  47  66  96  52  25  27  52  55  40  79  81  24  95  14  16  63  78  76  59  20  58  93  29  54  71  87  32  32  8   52  66  67  12  21  32  26  33  88  90  80  45  23  35  16  12  2   64  100 9   56  80  85  66  41  87  37  79  17  95  51  42  35  16  87  3   6   25  28  29  22  55  42  10 
0   89  95  52  42  26  3   34  55  60  97  61  94  80  42  14  74  12  84  1   33  38  66  85  56  93  12  79  58  93  29  76  54  7   95  62  70  9   43  60  36  97  44  56  29  97  89  40  47  95  38  66  100 35  31  21  2   97  23  0   92  48  10  13  3   43  28  62  76  56  64  25  0   36  50  77  63  1   95  65  97  28  66  96  55  74  46  91  52  32  53  31  0   13  1   24  85  55  44  92 
7   54  40  94  64  42  28  49  84  12  2   5   31  90  26  45  84  67  41  62  77  55  33  27  19  16  3   82  98  76  54  40  29  38  91  10  32  11  43  4   28  22  95  18  2   4   100 78  46  74  20  39  17  44  71  46  12  22  34  76  89  21  0   32  0   34  73  31  88  48  88  45  49  68  15  27  33  76  54  34  53  57  89  2   38  64  52  64  61  42  59  4   74  30  70  89  50  88  72  26 
47  19  24  11  47  58  47  26  1   56  32  6   22  8   17  68  77  70  25  95  4   51  66  31  90  63  28  44  38  21  86  89  33  74  98  83  48  13  40  98  53  93  13  25  78  70  8   54  44  35  31  61  25  70  60  49  1   93  54  15  55  90  48  48  83  9   23  39  3   91  38  15  46  55  16  83  31  26  23  49  69  11  28  96  61  3   49  24  94  18  100 94  17  69  94  77  17  46  2   24 
46  44  30  80  34  37  77  89  92  86  66  87  12  99  27  38  50  60  14  76  4   74  74  56  87  86  46  69  30  9   59  13  41  34  69  5   77  73  38  38  33  23  94  79  17  35  5   40  62  77  37  65  31  10  91  12  88  75  70  33  95  18  99  64  0   62  90  66  76  81  74  4   94  76  19  90  78  41  91  43  74  26  87  55  82  23  21  0   55  5   47  66  86  24  82  84  92  3   38  98 
41  83  16  84  2   79  92  65  24  71  23  86  87  22  39  86  53  83  64  20  34  75  16  5   39  32  86  90  14  61  32  45  94  60  24  43  69  22  55  35  3   44  31  78  33  40  57  28  43  98  42  47  51  77  29  46  5   98  0   16  88  86  99  92  7   36  8   77  56  26  4   75  70  66  45  82  3   22  57  28  65  77  86  45  9   77  97  79  91  34  87  11  38  85  50  88  98  61  33  20 
7   30  100 34  64  30  16  71  18  71  27  77  92  8   90  23  2   90  5   6   51  66  83  79  31  76  57  53  82  50  75  60  40  47  37  96  13  4   51  73  9   97  23  59  83  27  93  12  41  22  17  26  98  95  13  48  45  82  40  89  90  84  60  54  40  85  55  68  61  80  14  0   54  29  96  45  36  72  87  91  99  29  42  2   27  58  88  75  34  85  49  89  3   77  46  93  25  80  19  34 
51  71  94  65  100 39  0   74  19  66  14  3   87  66  47  33  5   41  89  16  52  15  37  51  16  64  52  71  45  74  13  10  55  60  81  2   7   57  69  87  54  3   44  53  71  54  100 27  83  99  72  80  98  60  46  69  58  7   45  3   81  100 22  97  82  69  29  17  46  35  65  70  55  99  85  90  47  85  46  88  24  99  29  76  2   99  45  12  38  61  32  84  98  90  25  97  51  18  98  4  
13  78  71  78  99  17  41  33  63  97  69  96  56  43  70  3   6   27  35  71  51  35  54  98  66  89  38  74  17  12  22  93  20  78  75  18  57  94  85  11  2   5   81  45  55  24  57  1   73  80  89  65  69  34  30  24  60  16  29  4   97  80  15  50  44  4   17  5   0   53  0   49  78  23  69  4   30  16  10  41  77  69  1   60  91  32  95  71  68  32  11  10  52  67  64  16  16  91  55  15 
16  81  66  85  2   61  93  21  59  98  40  1   18  97  5   24  52  43  15  96  80  33  97  55  2   29  77  73  23  26  1   12  37  41  20  55  77  74  47  35  92  2   45  29  8   14  67  36  66  36  15  65  72  24  90  43  19  65  53  24  5   7   86  91  68  64  86  29  30  67  36  11  56  83  74  45  14  49  16  9   85  82  32  0   91  54  45  97  27  81  42  23  44  43  80  38  37  12  97  90 
10  7   46  28  70  68  25  16  16  77  12  95  52  38  40  12  59  58  4   29  66  19  33  65  16  87  20  91  25  2   79  52  82  55  80  54  21  10  62  70  90  11  70  83  11  72  8   35  57  85  32  9   84  69  99  88  18  25  43  47  55  76  17  47  37  78  56  25  78  71  29  46  81  12  83  20  68  3   7   66  30  26  25  79  66  1   40  62  14  98  2   14  33  55  50  67  41  59  22  38 
20  20  72  95  10  17  89  40  99  92  59  14  81  6   37  21  35  8   39  4   65  67  39  29  31  85  71  37  44  8   37  6   98  73  64  18  29  84  86  79  92  70  49  39  9   44  65  0   54  68  57  49  31  44  83  79  21  56  49  98  94  1   16  99  46  58  63  62  8   98  30  98  16  89  73  25  4   47  44  30  98  76  21  23  15  16  48  35  37  43  25  60  41  98  44  23  62  37  81  7  
79  52  50  42  9   23  63  8   21  46  81  9   20  72  30  18  8   66  91  11  39  14  40  40  8   4   29  76  6   35  13  16  16  88  23  47  53  14  77  36  28  46  39  32  7   78  59  86  15  15  79  51  42  74  60  67  81  11  50  82  76  91  53  24  6   85  8   49  84  83  68  38  44  49  1   80  88  19  45  77  48  56  73  48  77  28  58  17  30  51  22  60  33  55  34  33  99  86  79  85 
46  22  86  5   97  52  24  74  81  76  12  99  86  16  96  9   74  59  92  38  5   98  59  28  44  52  83  36  88  37  46  45  37  14  79  64  77  26  36  60  67  74  2   25  53  13  12  47  11  49  50  76  72  59  57  41  8   77  93  41  55  90  30  43  21  7   12  83  61  13  68  75  13  20  100 3   75  19  67  60  70  91  8   9   79  86  22  72  49  51  82  75  63  12  39  13  83  75  57  52 
12  92  45  19  49  96  48  72  95  77  70  87  92  81  83  23  9   85  10  23  28  54  57  34  43  97  59  36  51  2   67  69  28  100 86  13  92  50  29  66  68  0   24  61  10  38  3   97  84  88  65  82  47  15  89  51  82  20  25  72  92  41  63  100 13  48  12  89  79  82  61  20  97  68  36  38  1   82  72  74  43  87  18  55  30  59  34  51  40  99  68  52  29  87  92  74  100 13  20  75 
83  54  3   78  97  22  89  81  81  39  80  99  74  73  64  53  68  31  11  66  76  48  82  66  97  8   28  57  64  8   62  20  53  95  23  16  60  16  14  51  1   20  31  68  16  25  2   74  60  9   14  8   0   43  19  7   23  32  54  58  81  49  36  17  55  80  27  28  44  77  51  25  88  62  43  88  44  27  79  6   49  71  60  72  82  45  14  85  55  58  21  90  5   63  16  39  7   25  83  17 
1   46  89  16  55  96  89  82  45  65  48  12  26  17  92  85  64  85  82  78  63  85  79  74  76  73  31  55  3   69  13  87  40  36  95  94  72  61  1   12  67  80  33  25  11  90  97  47  20  33  66  21  43  63  19  74  44  16  51  51  64  30  20  46  16  89  75  40  57  43  79  3   38  89  26  47  24  64  87  25  31  39  99  56  34  23  4   68  39  16  67  42  20  85  17  72  99  68  17  17 
14  33  13  66  65  43  7   29  20  23  66  95  79  64  93  65  61  98  22  46  4   4   50  63  15  52  85  92  91  78  2   3   18  86  76  26  43  65  90  56  9   62  17  74  30  55  58  54  85  19  43  33  81  45  15  43  37  77  71  8   69  2   57  47  76  4   15  52  81  51  42  32  69  10  42  82  65  59  98  0   41  82  69  16  88  70  73  72  20  14  28  30  19  73  32  43  73  94  37  85 
64  31  18  61  53  52  14  14  82  79  10  68  48  86  26  18  31  63  10  65  74  43  95  33  69  52  63  79  63  8   93  92  6   94  18  38  76  50  31  64  75  40  18  48  29  16  59  55  90  47  66  12  17  69  1   77  13  82  44  41  91  40  36  48  57  9   96  13  47  32  65  9   20  66  65  51  47  11  39  13  43  1   18  76  23  94  89  49  16  18  49  73  27  84  29  52  55  14  82  26 
12  7   25  3   50  14  31  24  29  70  44  17  69  29  73  17  71  86  65  7   28  42  32  83  24  43  30  88  33  99  5   76  22  67  88  22  81  56  61  64  51  86  60  74  36  88  40  83  7   22  45  22  0   66  34  73  51  43  27  21  100 17  71  68  1   92  79  8   34  80  16  83  53  86  5   71  28  36  32  15  72  61  39  18  13  27  3   64  93  46  12  25  48  28  44  47  41  67  95  76 
21  73  95  96  61  67  33  39  52  45  1   52  74  46  33  61  55  65  62  5   38  57  40  12  35  69  57  84  70  33  24  65  54  38  20  66  89  53  12  16  7   78  39  95  77  79  85  5   93  20  43  6   37  14  72  53  20  72  4   67  22  90  56  37  39  27  26  8   68  31  68  34  31  54  97  7   41  86  13  45  46  82  88  5   79  18  56  60  58  94  94  65  19  84  23  65  6   15  94  51 
72  34  90  31  31  76  50  12  70  82  4   61  80  34  59  27  88  83  11  41  66  14  73  75  97  34  76  94  5   50  20  38  44  76  7   10  64  49  88  91  11  12  5   98  6   90  74  20  50  34  5   72  79  23  89  43  74  36  5   68  20  13  16  59  46  65  40  20  51  72  9   38  27  96  30  4   81  52  64  24  53  65  31  60  0   1   93  86  71  37  87  54  44  64  20  96  92  74  75  22 
89  75  13  28  62  78  6   74  58  9   5   14  66  78  52  94  20  30  67  46  70  36  51  34  92  94  41  46  67  89  23  88  27  91  30  48  24  100 86  32  81  67  24  97  20  18  57  1   2   2   19  31  13  49  96  47  39  79  66  55  22  31  81  54  41  82  74  57  89  89  71  42  99  41  11  69  24  31  84  14  13  13  99  19  59  35  29  45  71  63  20  64  63  50  71  56  13  41  13  47 
49  83  53  85  93  26  67  54  84  91  94  69  74  53  11  2   43  61  5   74  41  33  56  5   20  59  3   67  90  85  29  45  29  87  56  25  28  98  14  44  97  25  84  25  31  75  81  55  65  39  33  77  95  53  8   43  39  21  54  87  11  66  6   10  24  75  59  100 84  54  8   57  76  47  13  26  92  94  35  92  69  38  77  43  23  27  38  0   28  79  81  30  17  2   51  28  12  35  29  98 
7   21  64  59  63  15  61  25  79  30  51  96  55  81  27  72  64  97  61  42  22  82  84  66  45  28  56  70  4   16  96  39  96  4   38  76  92  54  46  20  14  91  14  20  77  64  41  38  51  17  63  62  19  79  54  96  59  31  21  33  92  52  88  59  52  99  96  76  15  86  11  89  30  93  50  23  82  26  23  1   39  47  23  19  4   65  38  57  69  77  85  23  60  93  29  62  13  54  44  55 
