10 100
57  92  60  97  18  2   13  83  2   22 
84  29  14  87  74  11  21  91  31  59 
57  10  48  5   29  36  82  61  9   1  
69  19  88  41  26  96  75  89  52  33 
14  66  55  51  65  65  17  93  85  41 
47  39  70  27  16  60  83  69  8   63 
69  57  37  55  92  94  18  70  16  9  
27  37  26  56  74  22  46  50  60  52 
74  85  72  36  15  99  85  41  71  69 
9   37  23  9   71  60  81  59  71  37 
2   29  57  48  65  83  11  87  91  2  
13  100 52  45  26  63  31  20  13  26 
88  34  72  36  83  73  6   22  55  31 
82  43  43  17  22  89  40  35  33  66 
84  62  81  77  70  86  18  90  15  9  
50  77  35  28  36  41  93  96  98  79 
22  25  49  20  97  63  41  7   24  54 
71  63  23  98  47  59  8   9   44  13 
72  9   4   7   56  1   85  3   89  41 
42  100 71  37  75  5   12  74  79  75 
12  5   66  20  7   22  63  34  44  6  
46  4   93  19  63  89  96  14  46  55 
41  67  60  17  52  39  13  71  61  95 
83  52  44  42  73  66  62  18  24  14 
79  1   22  1   81  49  41  10  95  86 
83  78  96  39  66  77  5   42  88  32 
4   49  66  8   86  94  7   96  19  66 
67  90  38  17  28  81  62  93  51  68 
55  72  12  84  27  43  77  4   100 33 
3   62  51  51  4   31  32  48  78  99 
26  34  1   93  8   78  58  8   41  79 
35  43  49  85  45  32  14  92  80  75 
42  15  91  29  55  37  44  65  88  74 
15  87  60  42  84  72  99  84  68  77 
18  23  80  8   27  42  14  62  60  82 
31  8   77  23  70  87  18  52  22  32 
15  0   32  1   100 87  100 91  70  52 
78  13  25  49  4   2   24  78  72  72 
33  4   20  55  6   2   27  70  12  63 
82  18  27  99  3   41  30  61  41  20 
90  27  5   2   68  30  60  2   53  98 
57  97  86  89  43  34  77  83  81  23 
23  62  47  67  66  68  31  97  42  58 
39  6   91  66  72  94  43  45  32  3  
80  5   19  66  3   18  47  65  76  89 
64  58  64  78  70  64  12  64  90  82 
92  24  84  32  45  26  94  73  41  87 
7   96  77  49  84  49  92  7   24  38 
82  89  86  34  67  13  17  28  0   35 
75  71  50  0   68  19  22  52  49  72 
61  18  76  94  42  37  26  79  12  29 
70  83  30  95  15  26  89  11  92  30 
25  1   46  16  10  86  29  73  75  66 
88  83  10  13  45  89  66  95  26  65 
14  23  61  64  61  89  32  99  93  3  
45  17  13  93  65  0   71  12  41  54 
12  87  49  90  22  95  43  92  69  27 
8   64  21  47  46  85  31  88  59  21 
88  37  40  7   31  63  86  18  51  16 
72  32  24  44  96  97  64  26  55  74 
96  76  10  53  68  17  76  17  56  93 
88  73  59  30  15  7   28  93  93  12 
83  22  57  56  75  18  14  79  51  93 
39  80  30  16  34  80  59  18  72  61 
27  61  10  85  67  100 4   68  27  94 
48  49  27  17  41  23  53  11  61  12 
57  57  68  15  40  46  1   56  45  67 
49  76  89  48  38  0   60  31  48  88 
11  70  91  38  94  20  64  3   86  84 
45  22  2   58  92  23  80  1   53  53 
66  15  86  35  30  82  10  73  48  21 
55  74  90  6   16  46  89  99  12  43 
30  66  38  31  69  59  41  46  33  96 
23  54  25  21  65  88  66  26  82  28 
24  35  28  1   19  48  54  42  98  52 
97  11  24  89  34  92  97  38  37  43 
99  16  8   2   40  28  4   15  51  69 
84  17  6   98  57  94  98  36  70  16 
80  37  8   16  93  71  34  97  14  73 
98  51  20  15  23  97  1   24  59  31 
34  89  56  15  15  79  7   24  13  94 
75  57  87  82  2   93  37  30  93  85 
60  10  69  78  85  2   55  92  48  54 
78  82  26  53  58  60  97  23  100 17 
29  42  21  98  9   81  53  86  52  36 
72  88  46  24  71  0   82  58  33  42 
76  28  57  20  41  40  78  36  7   86 
9   81  90  58  34  31  13  91  24  85 
88  55  77  95  52  8   4   71  87  25 
44  83  12  47  90  21  97  98  94  38 
86  99  30  35  32  52  32  40  73  97 
27  17  67  90  92  82  85  31  0   36 
91  47  24  9   96  80  29  87  30  63 
42  44  60  71  57  97  55  38  75  80 
80  13  10  1   67  83  38  24  84  23 
5   91  83  94  0   62  3   80  62  39 
94  55  39  18  36  37  55  82  10  35 
38  41  38  97  54  14  11  7   69  12 
62  3   76  18  23  40  56  44  17  92 
36  0   7   74  9   77  31  72  6   89 
