10 250
36  30  48  51  33  80  8   60  3   40 
47  14  13  93  44  14  64  71  91  48 
3   44  85  68  4   87  6   73  7   59 
40  69  92  53  64  48  51  56  67  53 
30  21  42  37  94  1   25  54  64  17 
16  3   12  69  20  67  68  86  11  71 
46  24  56  65  40  85  32  53  30  15 
31  69  34  72  12  1   37  3   90  78 
86  4   88  15  22  77  7   85  1   91 
71  85  43  54  0   35  28  23  96  74 
51  46  40  87  9   87  64  48  28  44 
0   33  19  92  76  19  51  85  59  1  
10  5   48  38  15  8   9   41  51  60 
66  35  77  52  35  88  3   69  49  9  
7   38  3   75  70  2   31  15  0   52 
96  37  82  18  98  83  84  49  38  13 
34  13  86  67  8   48  64  41  65  15 
71  17  9   24  25  90  37  65  31  61 
51  50  51  83  98  55  79  79  86  54 
91  47  64  96  74  98  35  33  52  73 
30  45  25  87  78  37  64  33  48  4  
42  44  72  66  1   48  12  59  99  42 
27  22  89  36  40  90  3   89  37  0  
69  93  75  6   66  59  64  3   98  48 
46  49  25  97  60  29  34  77  47  38 
1   88  72  99  10  27  61  44  24  37 
10  97  23  33  13  25  33  51  73  13 
52  8   33  66  96  28  25  26  79  76 
58  37  55  20  54  24  10  73  83  53 
30  89  9   82  39  92  33  73  77  74 
65  21  38  77  53  58  0   41  16  52 
14  43  11  30  30  81  78  36  100 48 
38  43  91  52  40  33  99  36  39  9  
62  34  0   68  3   89  32  33  81  81 
14  53  75  88  61  25  56  69  94  55 
54  44  68  78  64  84  74  79  30  75 
27  46  56  66  38  30  7   31  62  5  
68  93  45  98  85  13  16  9   27  36 
29  49  63  1   17  38  42  42  74  8  
45  88  29  76  72  15  75  88  24  39 
82  51  66  42  11  2   85  42  87  14 
92  37  67  88  10  69  50  13  33  49 
69  29  25  87  3   93  71  68  60  36 
40  90  28  28  67  80  13  2   70  48 
98  95  64  63  49  96  60  54  95  33 
99  92  22  66  38  61  34  38  70  45 
11  18  41  42  43  10  60  0   7   27 
92  31  89  68  65  78  35  1   47  7  
43  40  92  64  72  15  41  11  62  9  
24  57  45  88  66  26  41  27  70  48 
88  40  27  20  5   18  28  40  67  37 
94  14  58  44  51  33  57  33  83  6  
45  20  89  44  83  5   28  8   26  16 
5   15  40  12  53  55  73  60  56  9  
33  50  48  6   29  28  74  44  37  25 
15  30  98  57  94  57  92  71  13  67 
10  69  37  10  31  63  36  18  91  6  
55  21  87  86  24  76  74  10  81  75 
77  84  88  77  0   96  3   16  64  55 
73  43  49  33  70  28  57  22  52  37 
29  96  91  33  58  24  8   84  62  79 
67  86  16  40  99  99  9   40  13  62 
52  58  57  13  7   57  62  11  54  38 
35  7   43  84  96  88  46  37  7   4  
18  9   32  3   21  43  32  14  46  71 
92  89  14  38  57  56  44  79  48  51 
51  10  53  100 16  55  48  45  33  37 
78  52  61  64  65  91  88  13  23  14 
37  36  73  80  42  25  71  37  69  27 
47  91  40  94  27  88  99  46  72  18 
11  76  30  64  31  55  21  52  12  69 
13  91  88  58  51  51  69  88  46  97 
2   89  84  71  10  66  64  95  41  15 
50  99  68  74  62  81  42  55  5   65 
45  73  40  3   57  6   97  43  57  94 
71  89  93  33  95  81  66  4   94  19 
1   21  66  73  32  51  38  13  44  58 
91  53  10  19  91  66  10  9   25  92 
69  7   79  61  1   42  10  20  42  90 
66  68  80  16  9   100 6   35  16  66 
76  86  84  35  16  46  20  69  41  74 
23  48  27  92  81  77  70  78  100 52 
86  81  3   53  54  1   25  3   60  8  
35  28  46  7   90  66  13  48  28  42 
27  66  49  5   50  42  52  36  76  30 
95  23  50  12  96  1   60  5   97  73 
63  84  57  65  44  61  35  0   85  32 
75  98  35  76  7   21  23  2   47  8  
81  85  50  77  17  80  31  77  22  78 
25  32  30  33  23  47  17  47  64  55 
83  63  40  29  58  70  67  62  85  54 
52  98  71  61  32  60  47  11  21  50 
63  0   12  68  82  70  65  2   18  53 
63  12  86  22  51  14  79  60  64  63 
76  44  11  22  22  21  48  63  33  84 
8   18  88  62  66  93  94  1   79  99 
13  56  99  99  49  62  100 67  64  9  
60  92  10  81  13  70  76  94  51  86 
18  91  37  89  18  94  51  74  55  25 
30  96  26  26  49  68  50  29  66  9  
68  43  68  72  58  53  92  51  55  1  
35  6   75  39  99  41  29  47  34  37 
81  83  73  43  60  53  70  37  24  72 
92  1   13  80  14  99  75  52  29  96 
87  92  68  25  19  16  22  35  21  46 
39  24  5   91  26  72  92  40  40  56 
41  24  23  74  33  33  24  72  17  32 
60  58  66  57  74  90  0   36  23  34 
93  37  69  52  30  13  54  37  38  40 
2   40  18  68  23  52  64  69  82  69 
41  52  83  100 52  50  94  33  5   26 
74  24  76  74  43  22  43  75  37  88 
19  78  0   29  43  100 9   48  88  59 
80  8   31  59  54  76  63  66  18  62 
66  7   5   88  69  85  88  68  19  17 
87  20  97  20  32  42  17  91  86  91 
22  92  29  16  37  50  42  36  70  61 
62  65  42  98  44  58  57  26  64  98 
25  98  51  5   80  3   6   83  18  55 
68  44  41  52  49  67  30  79  32  89 
20  10  76  84  82  95  59  68  37  14 
22  91  92  51  33  37  11  13  18  10 
22  32  47  28  5   36  6   65  79  33 
1   26  0   77  43  76  24  62  39  1  
12  36  2   25  15  58  91  10  8   63 
55  98  87  29  98  42  94  63  5   28 
77  6   65  54  38  67  76  6   2   85 
92  11  66  42  61  51  79  27  57  2  
75  95  68  33  73  95  13  36  97  19 
68  70  76  50  48  82  36  3   14  98 
83  1   99  51  37  1   68  35  63  77 
47  8   15  2   73  69  9   23  16  41 
40  7   66  91  79  18  79  13  4   76 
10  21  74  54  64  84  84  35  34  44 
94  3   16  14  20  65  79  31  88  49 
3   88  82  33  35  58  2   88  96  32 
39  92  39  31  49  83  91  1   25  33 
99  25  65  31  4   29  82  52  13  14 
65  89  28  53  28  62  8   93  34  76 
61  67  22  68  44  27  7   29  60  52 
26  21  29  72  67  16  59  81  36  34 
100 62  71  25  22  8   23  83  39  83 
44  83  49  7   24  59  60  0   80  57 
43  1   5   81  0   50  83  35  25  61 
68  15  99  23  37  93  50  48  73  16 
92  38  20  2   35  94  40  95  52  9  
93  96  20  25  69  38  62  50  16  32 
36  75  21  42  24  23  84  22  5   94 
24  1   96  41  77  29  86  79  77  31 
4   85  12  52  15  82  14  0   12  88 
84  42  47  6   26  83  19  8   46  53 
7   68  63  1   32  25  61  20  43  64 
16  8   69  12  39  43  11  98  100 63 
22  58  90  10  24  90  29  5   73  72 
98  75  15  0   74  14  49  26  30  18 
80  29  38  45  75  15  88  97  44  8  
21  63  19  92  8   99  23  99  87  95 
31  98  97  26  58  19  36  75  79  46 
66  10  46  8   96  66  75  8   60  50 
6   22  9   69  13  40  26  75  99  96 
87  62  23  45  35  23  87  32  59  80 
62  5   35  71  11  1   29  39  54  8  
82  47  96  2   91  100 43  12  0   82 
33  73  64  82  81  36  69  58  0   52 
11  99  42  54  41  20  26  10  66  39 
59  69  61  21  79  31  36  64  54  10 
79  65  3   27  34  57  66  51  73  5  
42  22  83  10  58  12  8   28  98  72 
29  58  6   76  87  18  13  95  75  30 
17  83  77  19  56  68  46  17  54  76 
5   58  88  52  66  39  49  88  41  81 
71  33  74  17  96  91  92  40  8   12 
92  31  43  83  29  72  24  25  3   38 
100 67  74  91  76  87  98  27  21  100
58  26  90  76  30  31  17  40  20  1  
21  38  77  80  43  49  93  55  21  68 
100 90  47  73  58  39  60  22  50  86 
39  98  23  35  70  34  28  90  65  41 
42  47  73  86  72  78  86  19  70  40 
33  37  36  6   5   0   43  23  25  94 
6   29  71  66  65  56  47  44  50  80 
46  95  78  50  5   64  27  21  26  17 
62  25  58  27  38  31  30  86  79  59 
44  47  39  2   53  77  87  21  8   68 
74  39  64  29  49  45  76  74  7   67 
62  99  8   13  76  46  45  61  78  32 
52  63  78  87  25  75  88  23  8   21 
6   95  54  2   34  58  77  4   87  36 
86  37  76  2   87  59  55  55  36  54 
99  83  92  86  17  15  83  98  1   25 
4   83  28  40  97  47  82  86  84  93 
97  52  1   23  68  53  44  10  57  11 
36  75  91  99  93  81  40  29  99  100
96  34  45  21  47  88  81  83  100 67 
82  92  80  79  17  42  21  23  29  12 
58  10  39  11  32  82  36  49  8   39 
38  80  76  39  74  87  90  85  9   59 
12  0   53  34  17  80  47  14  1   12 
92  44  95  21  62  32  89  83  83  4  
11  41  15  59  58  84  10  5   71  26 
43  24  9   2   75  18  87  8   100 68 
60  88  90  10  93  74  78  45  46  61 
21  51  52  6   17  56  74  73  46  48 
55  41  99  39  70  31  71  72  59  77 
43  44  2   72  16  54  98  91  13  0  
57  23  24  1   23  75  28  79  8   91 
84  98  17  35  16  18  49  77  58  63 
30  41  96  12  71  26  45  16  79  93 
88  21  67  56  0   10  94  92  39  89 
19  52  68  93  51  72  72  80  61  45 
91  3   77  18  46  16  93  55  41  42 
17  83  42  90  42  15  84  92  67  41 
93  46  71  42  38  68  68  7   81  44 
25  14  43  37  37  2   6   70  93  90 
48  100 45  77  57  98  28  94  61  58 
72  99  82  75  9   76  13  6   76  43 
53  3   6   66  38  51  27  50  15  80 
60  29  7   22  85  87  44  77  74  46 
57  26  28  64  46  57  3   3   35  95 
63  38  9   85  97  22  48  87  65  47 
18  48  55  38  87  37  40  11  14  38 
84  35  8   30  75  33  28  58  33  58 
13  80  53  86  12  5   8   90  50  73 
0   27  58  25  8   15  41  40  34  37 
12  78  42  7   75  29  11  6   48  22 
20  89  17  95  14  67  99  49  64  100
98  79  40  53  35  65  14  42  60  100
80  70  71  79  27  62  17  51  58  75 
57  2   100 68  74  14  46  44  23  83 
22  30  50  99  96  42  3   74  35  21 
47  76  94  92  100 91  41  33  17  19 
68  92  22  72  9   45  4   98  47  26 
41  0   41  3   86  25  47  93  47  41 
11  67  40  52  37  40  98  93  41  23 
23  8   79  95  11  36  51  100 28  10 
49  79  80  2   64  27  5   17  50  60 
32  13  58  43  70  11  36  58  53  78 
84  1   94  16  97  34  20  96  11  90 
37  76  9   27  26  34  63  35  10  96 
16  72  70  61  20  20  11  13  47  89 
23  17  51  86  27  46  71  52  4   14 
69  31  21  35  99  41  98  82  57  73 
2   97  2   36  75  30  11  45  13  40 
47  58  61  41  25  29  24  56  14  15 
19  36  73  49  90  52  68  84  1   12 
91  17  91  59  35  37  47  12  87  29 
6   98  35  59  34  78  1   40  65  22 
53  88  58  28  86  3   67  26  8   69 
71  26  26  7   6   28  51  52  53  27 
20  22  91  15  31  34  85  76  44  5  
