10 50
59  44  40  0   66  41  38  14  60  62 
7   33  56  7   21  94  17  80  74  74 
40  78  41  30  73  61  5   11  70  69 
78  25  52  1   52  46  25  30  8   80 
20  9   22  21  45  5   92  30  72  82 
15  91  96  16  100 56  21  75  4   54 
70  15  73  33  43  37  98  80  17  69 
96  61  17  51  15  33  25  3   48  93 
88  25  68  58  28  9   32  58  69  27 
41  45  11  17  68  13  14  3   56  58 
68  57  88  28  94  33  28  8   38  8  
7   82  38  97  71  37  29  19  36  3  
94  53  7   61  32  73  58  96  87  45 
63  74  48  61  90  95  69  25  22  51 
90  33  36  52  52  6   10  14  94  69 
20  49  52  27  26  54  54  60  70  41 
79  18  58  83  24  47  73  18  89  78 
0   76  100 34  35  80  71  26  45  32 
11  53  79  24  30  7   58  92  57  65 
35  25  7   23  89  37  26  75  43  40 
12  12  61  19  12  21  80  41  6   35 
2   3   77  61  72  82  71  15  75  95 
39  24  60  7   1   46  39  17  65  95 
40  78  48  58  71  42  28  4   96  19 
88  52  64  59  57  51  50  4   90  96 
27  89  98  90  23  92  68  37  75  38 
71  33  4   55  42  76  48  39  40  84 
16  65  77  50  65  78  46  94  96  75 
40  46  57  1   5   70  1   42  46  35 
18  87  9   75  31  35  61  47  41  76 
39  4   7   49  75  23  18  97  16  99 
95  54  40  32  31  90  19  83  27  29 
70  64  81  32  22  24  10  44  58  41 
9   41  1   21  73  45  77  65  34  34 
61  30  100 14  14  32  33  11  77  22 
89  64  71  54  12  44  19  12  21  55 
54  1   92  24  65  9   46  5   14  61 
34  94  46  59  5   26  39  15  37  83 
32  26  66  7   51  33  21  37  86  40 
20  21  50  24  53  71  44  44  9   45 
79  85  23  38  51  45  61  18  93  6  
45  74  4   6   50  88  64  30  46  95 
4   76  74  96  25  53  61  88  3   12 
83  22  32  12  4   64  16  39  1   44 
3   6   44  27  97  29  61  4   19  50 
66  0   20  34  46  51  14  23  66  29 
7   46  26  96  5   72  95  5   91  32 
20  8   41  44  36  17  28  36  66  24 
32  62  53  25  21  71  100 61  43  28 
47  8   29  34  54  1   80  40  4   14 
