20 25
19  20  65  80  99  5   17  26  75  83  0   14  70  74  10  57  9   61  17  66 
58  24  32  24  18  91  5   16  36  9   45  51  81  38  43  10  48  8   8   96 
74  96  26  81  28  66  3   37  29  20  37  20  30  46  32  48  80  26  65  27 
47  44  16  23  52  83  87  64  73  53  50  26  78  26  43  81  9   44  80  13 
59  84  92  66  43  48  84  28  10  33  87  92  44  96  76  53  73  12  32  15 
86  22  27  38  71  95  39  77  34  63  89  65  72  78  21  90  37  51  97  66 
11  67  41  76  72  90  67  46  78  64  73  76  71  98  95  92  97  92  34  42 
12  69  27  48  90  46  44  86  90  72  34  75  49  32  86  40  35  41  43  36 
65  77  61  77  3   58  25  46  69  94  46  61  64  23  29  74  80  44  72  35 
62  37  58  3   94  5   75  33  27  88  74  42  86  26  4   7   40  96  28  3  
78  26  43  44  68  94  2   40  95  41  25  6   81  93  81  19  56  62  2   36 
52  48  92  20  20  98  65  42  69  17  3   81  47  12  2   57  98  69  91  25 
41  18  10  75  26  63  74  11  63  70  77  57  57  100 49  79  15  60  0   99 
48  92  20  85  98  26  98  57  27  53  58  28  84  46  53  28  74  61  19  20 
0   82  64  65  89  41  22  76  34  1   4   71  49  50  66  23  79  37  48  85 
54  41  87  33  24  40  63  84  90  71  41  7   49  97  27  29  57  57  21  77 
57  57  42  12  59  4   65  78  45  50  65  16  12  30  78  68  44  48  69  49 
10  66  56  9   31  51  33  54  35  40  5   30  27  92  57  28  49  38  69  4  
65  100 52  77  51  81  1   53  15  69  35  40  6   31  68  9   23  29  90  88 
28  98  31  66  84  19  64  65  59  26  59  38  58  66  46  90  35  48  97  88 
88  91  93  19  55  22  33  30  79  95  84  22  37  35  71  42  15  44  73  77 
32  74  57  17  65  8   79  9   47  86  17  3   94  3   79  72  16  69  30  15 
95  61  93  0   57  22  49  73  10  19  12  53  95  26  50  82  17  26  84  100
86  28  25  21  92  54  67  31  45  28  100 80  59  93  84  65  51  98  29  74 
52  95  74  52  11  51  62  42  39  67  73  36  89  12  9   73  10  65  58  97 
