20 45
34  30  35  18  36  84  36  66  33  8   48  15  33  12  99  30  99  60  16  39 
94  60  33  87  73  39  7   41  28  17  69  98  42  63  18  60  51  85  42  95 
80  62  36  44  84  40  37  80  48  43  18  23  6   84  35  88  33  84  99  44 
57  98  55  51  3   68  19  85  28  35  17  74  89  54  87  23  46  53  79  54 
46  52  60  66  37  63  48  95  78  82  40  31  31  44  53  76  50  19  64  30 
11  53  75  55  13  5   2   62  56  99  99  34  25  59  36  72  78  61  37  1  
43  53  81  77  84  51  60  11  0   97  40  2   32  51  4   27  51  6   37  20 
16  91  56  45  45  40  9   40  11  24  88  30  18  19  42  45  45  34  82  24 
83  33  28  68  21  16  90  29  58  26  99  97  29  87  94  3   84  14  11  25 
64  40  11  35  6   76  48  27  74  82  29  14  90  81  5   83  27  95  62  46 
97  76  87  67  59  70  14  39  55  6   93  46  24  4   28  1   31  56  41  46 
66  1   25  95  70  68  32  27  4   35  66  40  96  59  69  62  44  69  47  6  
32  47  39  47  51  33  83  3   85  52  71  79  58  70  47  0   57  61  11  36 
70  67  35  89  36  27  25  16  33  94  2   23  48  80  22  61  14  26  82  16 
38  73  83  0   75  65  33  74  52  99  15  12  50  56  25  57  82  4   76  95 
9   0   28  35  85  78  70  49  86  41  47  58  94  34  75  89  60  43  2   64 
37  88  41  96  0   64  76  73  11  87  3   57  100 82  28  59  59  89  32  17 
65  79  63  63  43  86  62  4   18  49  7   85  2   34  55  21  25  83  33  18 
55  19  70  21  39  62  81  21  48  45  18  90  72  40  97  37  89  77  27  19 
62  79  94  75  88  17  19  1   97  0   57  37  15  31  56  5   64  26  29  1  
16  79  76  64  10  49  60  20  100 51  93  4   12  29  89  96  35  87  40  54 
55  17  68  58  38  95  55  73  8   23  5   75  38  64  35  84  25  30  42  88 
88  78  84  9   28  43  18  77  77  28  2   46  85  50  57  23  43  48  68  35 
76  8   85  75  63  63  57  18  75  62  54  45  64  100 55  61  32  1   23  42 
45  65  65  74  62  65  60  88  16  46  57  33  38  9   89  8   76  56  39  43 
59  7   62  1   57  53  26  86  22  73  2   16  58  2   47  67  89  42  7   11 
6   36  34  55  29  27  55  43  29  4   0   90  25  15  62  37  86  13  12  36 
90  3   78  75  81  41  35  2   28  96  70  91  71  5   51  55  9   7   20  1  
45  91  46  41  22  30  37  23  90  5   4   28  92  29  53  81  52  41  73  4  
20  60  31  70  43  30  32  33  89  44  49  80  2   5   34  84  33  20  23  51 
46  5   7   93  60  20  97  60  84  7   8   13  22  15  20  59  89  70  46  45 
4   45  68  18  48  3   35  34  2   51  32  58  45  33  21  49  3   93  25  34 
2   59  62  15  100 41  73  41  49  16  64  96  70  25  72  93  40  90  97  33 
60  83  12  30  11  52  77  95  26  98  50  4   73  76  33  8   12  21  23  95 
92  4   45  57  48  61  33  68  60  6   44  71  5   11  66  96  20  68  62  58 
95  81  81  76  63  53  87  68  27  16  17  29  32  53  67  54  53  68  78  89 
77  2   85  64  80  23  81  18  42  22  11  17  95  11  84  71  94  30  83  0  
30  46  24  4   65  49  88  3   57  83  57  60  49  28  97  12  69  44  47  24 
48  3   55  48  13  4   75  19  56  44  16  82  35  6   48  84  31  78  99  15 
91  93  42  1   39  21  40  0   96  35  21  27  14  34  30  23  97  46  94  47 
52  89  17  41  12  21  60  90  14  68  29  76  24  13  90  77  76  5   2   43 
50  29  31  92  0   86  94  53  39  79  50  79  13  83  3   34  95  47  9   14 
57  82  48  49  93  65  14  66  47  29  39  26  10  21  4   75  79  41  40  48 
40  92  31  45  4   63  71  27  65  63  81  44  64  13  98  41  22  7   0   71 
69  47  22  74  59  2   76  76  42  78  84  85  10  17  38  21  15  46  46  23 
