20 50
31  72  78  13  31  55  69  54  33  69  74  2   32  19  48  23  92  37  54  82 
75  90  29  96  21  67  61  5   34  87  71  8   15  45  43  35  99  25  11  59 
93  62  27  52  26  73  60  26  26  18  64  38  48  22  72  45  51  84  0   83 
21  4   76  23  54  48  88  36  96  75  39  76  8   25  1   33  85  0   11  21 
12  45  42  89  10  2   78  79  33  58  61  89  12  20  8   28  22  5   11  32 
70  87  56  6   47  12  40  45  46  61  78  24  11  11  43  91  92  58  10  98 
10  88  88  56  42  81  99  90  56  97  2   79  69  90  11  34  45  72  57  86 
63  100 72  38  18  20  64  76  93  90  83  44  15  90  28  27  51  92  20  54 
91  44  26  62  36  27  85  73  9   73  44  73  63  12  74  35  33  1   91  4  
16  53  48  25  66  17  45  55  91  26  100 28  26  100 38  81  92  45  60  88 
63  4   61  54  74  46  39  90  26  8   68  4   54  9   27  24  87  18  98  9  
52  37  10  53  75  89  32  44  40  14  83  80  41  78  15  4   12  64  21  72 
58  85  76  34  56  25  51  5   77  94  84  25  3   15  25  22  69  82  28  99 
6   72  44  67  10  58  74  61  67  88  61  24  47  64  13  94  15  32  48  87 
22  67  53  62  63  17  92  64  11  56  51  10  2   13  0   24  24  35  61  62 
88  29  91  88  4   44  64  72  37  9   24  35  58  2   85  4   98  1   84  40 
80  32  93  21  85  66  11  51  7   16  73  98  50  53  58  53  1   87  55  4  
96  93  38  64  64  36  84  3   29  31  89  28  69  83  34  99  41  49  33  41 
8   93  83  17  3   44  56  48  39  100 68  77  72  31  69  99  63  13  12  57 
39  28  48  59  29  16  44  38  24  1   0   85  21  22  36  84  26  74  9   31 
80  32  77  53  89  89  82  75  42  94  91  9   58  89  22  39  43  81  70  77 
52  39  53  2   68  90  51  72  95  16  30  43  43  73  75  93  26  90  91  95 
91  76  41  68  49  29  100 22  17  8   48  71  74  6   54  50  73  95  12  100
50  14  36  88  29  39  44  19  30  9   32  81  100 58  53  86  7   79  54  85 
25  50  48  27  26  42  69  86  21  69  40  16  32  22  61  15  58  82  21  86 
47  93  46  22  44  29  44  81  13  67  65  58  19  6   81  21  89  87  47  84 
45  9   37  94  99  18  91  61  38  30  96  75  54  51  99  31  75  63  49  54 
2   28  15  5   57  39  20  49  92  58  19  70  40  48  59  9   27  44  1   60 
40  100 43  46  1   78  99  76  16  13  64  86  13  98  99  20  69  87  54  87 
34  65  58  55  79  56  46  100 56  21  19  54  60  75  35  34  71  47  29  77 
41  14  94  55  32  29  95  56  23  76  74  31  47  26  34  77  82  100 92  62 
63  88  64  70  31  44  76  92  44  31  90  26  58  96  49  17  79  99  55  99 
14  66  19  22  93  21  44  83  3   33  33  46  37  63  78  39  24  78  68  21 
81  99  56  78  12  26  11  15  93  81  78  46  0   22  85  15  36  67  55  26 
77  45  24  23  31  52  48  48  0   27  40  77  79  2   61  53  93  32  10  81 
3   98  66  47  22  59  28  81  67  3   46  84  51  58  90  99  41  61  56  68 
84  9   77  33  88  99  18  83  87  21  69  61  36  92  60  53  35  17  75  16 
4   10  9   47  30  40  25  11  73  31  24  12  35  12  45  72  8   62  66  40 
33  14  87  33  76  58  11  15  89  11  90  15  43  42  44  85  93  86  100 100
55  46  23  74  17  64  56  48  1   45  8   97  74  27  81  50  89  52  81  45 
48  32  81  4   39  79  63  56  83  7   79  91  32  87  93  78  66  19  50  63 
75  2   70  61  1   92  57  79  19  66  7   96  71  4   68  90  49  6   98  73 
46  47  7   98  53  12  61  79  59  97  61  96  40  8   42  74  46  25  41  42 
84  26  28  68  93  10  17  84  77  39  94  59  50  8   69  52  52  56  60  43 
45  68  7   66  35  33  91  69  99  39  61  57  31  73  29  62  26  59  41  36 
58  94  83  12  15  82  79  29  80  39  23  60  23  89  50  39  51  6   47  88 
78  20  1   58  15  62  50  64  67  45  75  4   23  51  66  38  44  43  1   94 
37  34  29  80  98  38  38  81  14  87  68  66  49  70  72  52  80  1   21  20 
23  59  67  55  40  20  7   90  98  76  6   65  61  83  42  95  12  13  55  58 
84  46  6   16  37  27  77  43  9   100 35  52  48  48  66  19  39  38  60  25 
