25 20
59  74  50  41  69  5   31  30  19  92  9   8   9   14  94  96  25  83  65  14  46  21  49  63  26 
29  61  20  10  4   57  23  85  35  78  34  93  92  45  57  69  1   16  92  44  51  15  27  81  91 
3   28  88  37  15  32  53  11  62  71  65  99  2   80  39  70  14  48  20  66  23  29  14  52  41 
18  19  22  5   87  97  66  74  58  8   44  22  73  13  71  22  95  56  32  41  96  7   59  97  36 
95  88  88  89  47  83  87  0   88  61  32  44  93  89  13  21  19  3   0   93  27  42  30  71  99 
51  56  98  94  25  88  83  2   50  54  34  99  14  20  98  84  83  29  16  80  51  50  89  29  85 
6   13  43  49  51  90  95  77  92  97  92  53  98  86  65  15  5   12  46  6   18  47  66  5   96 
96  31  96  6   52  52  7   41  49  35  77  2   13  95  79  44  66  34  8   0   79  91  72  29  80 
31  35  75  83  61  78  48  48  22  28  36  71  21  63  15  50  83  41  78  62  8   14  32  37  11 
80  82  55  83  38  39  51  15  14  87  48  47  72  85  90  22  100 77  31  84  93  2   86  1   22 
7   99  3   37  96  94  77  94  77  55  94  46  48  100 93  57  76  84  9   64  82  50  96  43  5  
2   81  95  80  15  68  17  73  48  41  95  1   76  63  57  26  53  94  3   35  41  49  62  40  45 
28  1   24  85  9   61  87  65  64  51  81  81  69  63  44  20  45  42  48  85  28  93  32  61  8  
91  90  60  0   13  59  30  21  7   3   78  8   32  36  32  59  13  60  69  14  69  78  51  63  97 
85  86  48  77  76  65  0   49  66  23  40  42  78  16  48  85  81  76  9   85  6   1   94  0   31 
71  51  100 8   25  16  84  82  16  58  29  58  52  30  4   19  16  9   79  77  95  54  87  51  19 
77  12  73  1   95  92  23  60  5   79  10  27  47  31  67  65  28  60  95  12  23  96  53  16  69 
71  40  90  12  37  75  64  92  19  73  20  64  92  71  6   82  99  63  96  38  69  95  57  27  13 
38  32  63  36  37  30  13  91  56  9   78  41  23  69  61  75  41  70  16  19  77  70  27  73  38 
92  18  81  51  82  97  54  86  60  5   12  66  18  81  19  33  8   77  17  22  44  87  77  43  68 
