40 20
56  12  94  89  60  27  66  65  16  46  85  83  67  13  18  12  42  32  2   59  3   93  74  24  86  91  23  58  72  42  30  53  70  72  41  48  26  64  8   45 
9   91  42  1   50  16  48  21  52  74  60  34  37  59  49  48  24  31  88  49  40  5   54  39  91  84  84  84  97  52  44  25  7   54  26  69  57  99  35  72 
58  96  71  1   57  13  0   34  82  24  21  71  26  72  82  49  2   83  46  69  27  68  90  87  8   32  3   62  79  80  30  43  34  22  3   57  71  27  21  70 
38  22  44  99  63  71  48  53  57  50  11  78  79  48  34  70  79  52  49  94  12  37  73  47  21  69  57  61  100 83  69  34  85  12  50  53  9   83  94  34 
37  75  38  34  47  61  76  34  15  63  34  70  39  87  44  14  4   51  35  89  60  4   70  100 91  12  77  23  20  12  77  61  26  65  82  97  12  42  93  21 
47  10  11  73  54  19  40  64  24  90  91  42  46  100 69  2   44  76  97  95  78  11  17  77  86  96  59  33  43  67  88  55  92  31  61  33  80  13  78  67 
93  32  14  73  28  79  99  95  75  36  75  16  96  47  1   93  19  62  72  84  14  96  65  52  44  76  40  58  37  55  70  8   43  37  63  82  83  6   81  46 
43  24  68  72  27  21  31  61  94  56  21  46  9   81  50  2   26  23  9   32  62  38  100 53  59  54  15  17  24  75  25  6   79  84  12  38  69  17  42  48 
82  91  99  41  35  13  33  51  72  45  92  75  19  55  32  92  10  88  81  45  90  6   85  58  66  36  1   56  88  9   37  33  37  44  38  81  28  75  67  26 
78  92  100 21  100 54  41  13  42  66  50  2   82  46  44  60  100 50  36  63  41  26  58  100 63  86  98  89  87  89  30  74  91  55  56  34  2   1   1   16 
47  53  12  1   85  66  14  97  17  67  52  94  83  52  5   14  23  49  54  64  34  31  25  58  53  55  44  75  11  27  22  43  82  31  61  4   21  54  45  18 
54  53  45  90  57  3   10  91  64  31  23  53  79  26  58  87  32  95  97  58  67  92  23  37  56  1   58  74  2   88  91  5   86  2   77  52  36  72  45  41 
9   14  99  14  86  93  13  49  28  39  36  57  83  66  87  72  33  36  7   93  55  40  76  11  85  20  41  11  14  13  33  66  22  27  89  81  89  29  29  92 
25  9   100 37  73  70  32  33  36  86  76  29  66  70  83  93  72  0   23  30  34  73  81  63  93  70  82  10  34  82  47  38  75  49  44  58  13  51  94  12 
16  72  78  99  55  69  41  66  53  52  5   83  37  71  92  20  92  61  69  57  57  51  59  28  69  74  49  60  15  82  50  49  36  45  47  83  77  75  86  99 
85  12  90  90  48  27  94  32  49  54  20  89  1   23  27  20  31  26  50  56  86  71  22  50  98  85  46  87  79  77  92  51  91  48  12  25  24  24  37  42 
19  17  9   21  100 95  53  41  38  94  63  38  96  20  95  56  71  75  54  30  83  95  77  7   28  51  83  18  54  65  26  49  45  28  54  50  94  19  78  63 
32  85  99  70  2   46  64  32  70  41  76  4   41  28  71  75  45  17  45  99  47  55  100 51  61  98  68  79  61  5   1   39  98  36  67  98  26  76  60  19 
74  9   66  3   34  40  97  32  47  89  71  36  66  2   83  71  45  22  58  78  34  65  59  54  100 60  69  33  48  25  35  67  4   32  86  44  77  27  44  6  
74  65  32  37  24  7   39  35  14  91  45  91  19  59  46  32  78  51  67  61  57  80  14  28  27  3   71  72  94  15  61  3   72  72  2   60  100 13  99  21 
