40 40
51  11  17  19  31  95  43  20  40  98  2   57  29  93  89  77  17  51  42  19  30  77  96  63  46  51  76  40  82  3   81  97  0   7   66  81  4   35  14  42 
4   44  46  1   87  10  85  90  4   27  17  90  19  33  35  20  52  100 50  77  85  95  41  52  74  66  47  27  2   10  86  17  87  11  29  49  85  64  70  49 
44  65  54  21  17  74  36  23  17  52  78  52  35  20  69  89  45  75  1   78  20  4   58  72  98  6   95  22  10  97  56  14  89  75  27  84  93  43  76  87 
70  45  100 43  45  27  23  36  73  14  51  12  72  58  97  20  40  91  66  71  8   31  75  87  7   82  44  93  88  100 53  58  86  12  55  54  25  96  74  10 
38  26  59  56  27  55  91  13  91  6   8   54  77  2   80  52  22  52  50  83  52  6   48  53  79  53  57  72  68  41  64  100 29  11  99  45  19  6   3   96 
42  17  18  42  18  3   71  15  15  23  14  84  50  68  64  72  51  24  64  23  65  39  22  70  67  37  46  33  41  78  86  47  50  62  95  89  53  56  65  2  
59  82  68  78  44  9   59  9   91  69  83  3   0   22  7   34  61  2   93  4   88  63  12  88  40  24  22  48  50  66  8   20  64  48  53  88  42  90  12  58 
65  10  19  79  12  95  41  8   98  79  27  20  31  18  55  37  39  88  67  67  40  44  84  59  98  15  38  100 50  75  48  30  18  24  27  10  78  96  63  1  
5   56  52  45  51  61  58  49  50  19  97  7   43  44  12  70  100 69  26  80  80  20  51  97  72  98  19  44  14  21  2   95  40  37  97  44  18  65  40  38 
44  85  40  11  30  61  69  59  4   23  80  37  23  36  70  57  25  12  5   63  3   87  53  30  18  15  92  40  86  34  57  40  12  97  14  94  11  41  8   47 
32  26  36  8   78  72  17  83  1   0   52  97  92  23  37  100 10  58  5   67  2   3   95  84  20  33  90  37  21  68  88  11  60  5   57  71  64  11  97  88 
50  25  73  61  81  6   55  100 1   100 43  78  40  56  54  10  0   80  88  73  26  37  49  20  3   95  69  35  77  32  25  61  22  92  76  35  25  63  23  79 
9   54  41  29  56  97  68  89  98  60  36  93  99  50  84  76  96  35  9   69  97  21  6   41  43  28  4   2   46  2   47  36  22  96  37  42  94  71  64  38 
59  82  4   97  91  95  14  97  100 95  8   71  37  33  70  7   86  51  86  27  99  91  17  41  75  57  97  24  88  86  81  75  31  28  17  84  71  68  27  52 
33  79  39  10  93  70  72  0   20  66  65  4   53  65  70  50  96  70  36  93  45  84  18  92  76  58  82  60  65  23  92  16  15  56  70  58  46  19  0   100
8   93  60  67  15  34  98  22  17  35  70  70  98  49  76  87  94  48  62  91  57  81  49  33  98  39  52  65  17  98  32  29  72  98  70  75  61  43  33  3  
65  46  83  43  100 31  26  38  93  56  0   71  36  15  9   4   99  92  79  15  57  75  30  26  47  23  35  98  54  16  18  15  21  35  44  68  70  23  17  96 
45  8   19  10  52  14  54  18  21  10  97  75  71  29  37  9   24  28  58  49  17  57  89  39  3   83  56  65  33  53  27  48  36  93  90  54  31  75  38  48 
54  93  97  95  97  41  38  81  30  33  71  93  62  8   28  6   81  15  59  74  64  98  13  72  37  83  61  56  11  5   3   10  69  58  68  83  58  91  100 71 
43  11  35  99  42  71  41  83  44  68  88  25  53  1   84  4   62  15  56  44  57  69  68  14  43  86  92  47  68  65  70  4   34  87  81  94  40  57  55  92 
30  74  34  85  24  53  44  82  4   52  62  42  46  98  49  91  9   18  14  51  38  77  14  20  27  77  89  68  39  31  80  13  10  79  6   26  98  37  77  64 
7   81  60  66  57  70  76  97  32  27  10  96  74  12  33  24  15  41  39  16  46  68  64  5   16  52  80  1   9   88  57  41  93  70  42  19  59  47  11  42 
58  31  35  27  7   95  48  2   64  83  29  23  4   10  10  37  45  61  42  93  15  72  30  24  57  91  31  3   16  35  44  60  71  61  32  88  18  49  59  28 
71  58  84  28  38  36  51  70  68  4   88  62  91  21  63  23  88  26  16  74  97  47  8   99  66  64  1   26  68  90  34  98  74  64  6   17  97  53  5   96 
53  34  69  99  91  69  41  73  74  69  84  1   60  87  75  36  53  65  18  17  56  18  76  57  15  95  2   71  46  43  29  43  48  30  6   43  6   2   97  93 
33  64  17  80  76  15  99  25  51  27  31  90  78  12  52  56  15  39  44  76  87  81  61  6   10  33  91  97  44  7   41  94  43  1   24  20  72  96  2   35 
0   5   98  8   3   29  77  84  94  71  21  17  9   73  18  36  29  91  49  66  51  63  8   43  36  51  94  6   59  39  10  85  33  71  55  89  27  52  85  17 
5   97  30  32  39  8   59  79  90  52  53  46  88  30  20  11  77  34  52  78  19  98  26  12  3   20  26  36  30  26  18  4   91  9   9   59  2   27  1   82 
4   62  31  32  41  16  76  23  88  46  66  2   26  5   17  98  9   88  49  36  91  62  100 19  37  15  57  85  4   68  0   35  77  81  57  43  58  87  32  21 
61  76  3   17  84  44  70  31  70  38  57  21  28  28  91  35  13  96  65  20  71  44  3   28  22  56  70  99  56  28  49  47  67  70  63  39  44  62  8   95 
76  78  47  37  15  76  100 21  64  30  75  95  40  17  93  30  85  66  27  12  20  86  68  41  30  34  44  72  60  42  84  49  33  96  97  2   53  9   81  40 
86  67  22  18  14  14  56  30  63  33  23  82  83  5   32  81  76  13  89  31  32  39  5   48  79  88  65  87  25  8   9   96  55  28  100 33  17  82  76  79 
60  61  85  57  38  34  58  4   84  94  75  28  55  72  59  90  71  17  51  17  41  27  92  77  54  33  35  15  71  69  75  100 32  82  85  92  47  48  35  12 
60  94  76  20  31  64  96  26  52  15  90  52  44  89  99  37  99  93  83  33  96  10  49  13  11  89  52  50  80  28  61  88  92  50  1   3   77  52  97  48 
64  62  53  2   81  56  28  33  42  19  3   24  3   56  98  55  24  24  52  9   81  8   21  11  77  9   76  64  25  63  94  11  5   83  85  79  45  93  60  22 
16  21  99  81  25  36  99  56  75  25  59  59  60  85  52  87  79  49  60  40  71  60  56  94  95  88  79  54  82  62  54  29  81  55  37  1   70  18  70  72 
61  82  84  26  44  36  48  16  12  14  26  83  99  10  75  18  38  40  51  83  2   26  39  97  74  37  11  11  88  57  43  46  6   67  23  23  30  88  35  96 
15  17  22  83  4   8   40  10  51  48  100 99  24  37  37  66  50  96  83  30  57  6   73  56  90  51  54  92  12  1   47  97  1   20  18  18  36  40  33  59 
7   37  69  61  37  85  46  95  42  93  26  25  30  3   9   57  70  22  50  76  57  3   76  37  59  8   31  33  29  64  88  63  51  17  32  85  46  47  79  42 
56  9   22  87  8   87  52  6   35  22  99  85  98  5   20  13  42  63  65  14  3   63  44  64  86  65  84  24  27  22  66  51  88  1   83  44  43  53  7   6  
