50 50
78  75  49  98  18  8   98  72  3   12  70  20  62  29  58  56  22  76  37  56  47  17  19  66  38  68  81  22  86  53  43  95  66  75  6   42  35  6   98  23  35  33  80  67  90  52  97  10  15  12 
41  64  58  94  60  36  55  16  13  37  13  40  11  63  11  4   39  35  22  57  97  46  18  76  8   1   32  86  96  93  62  52  98  85  9   13  26  20  45  77  30  0   49  76  12  73  17  28  80  15 
96  16  21  15  28  75  90  71  83  12  22  57  47  39  48  69  6   70  44  52  4   66  93  45  96  9   12  70  0   92  54  7   10  89  97  80  75  16  83  69  59  10  89  73  52  76  29  91  65  92 
39  89  31  29  66  61  32  43  4   90  42  94  19  29  36  73  71  53  27  84  88  56  35  79  89  74  53  60  87  43  98  4   13  37  11  63  3   33  70  27  65  52  12  34  75  41  98  45  96  10 
53  73  18  67  15  47  20  7   100 40  99  57  82  11  35  17  5   83  47  81  9   49  69  12  45  24  24  91  8   82  37  26  87  62  38  23  79  38  58  76  82  77  22  52  27  10  12  32  45  39 
19  55  61  39  12  85  61  97  34  18  81  31  42  43  33  62  97  41  96  4   43  43  62  81  72  4   83  12  8   0   59  32  76  76  19  72  98  27  0   36  64  1   54  0   34  33  29  4   89  54 
72  100 69  10  90  69  52  86  90  21  45  5   60  76  59  88  94  82  2   10  79  55  86  57  55  75  56  50  86  9   89  16  56  87  39  88  94  6   74  30  35  5   13  8   21  56  76  28  62  69 
2   87  38  7   86  12  9   5   32  15  85  25  4   29  31  66  67  87  27  34  11  50  51  37  47  13  91  3   11  83  29  66  63  78  100 81  65  73  95  40  6   76  33  89  55  6   51  79  46  76 
61  37  18  78  86  61  32  82  92  42  23  96  40  95  90  65  15  14  23  88  5   28  71  88  57  32  32  80  87  11  70  43  28  90  63  19  51  81  0   22  99  6   11  40  83  78  46  12  61  16 
94  13  33  67  69  99  68  39  19  45  65  74  10  23  28  26  90  36  10  51  61  70  80  48  95  30  55  9   26  62  4   69  10  48  30  71  49  13  17  21  79  82  25  41  4   62  71  70  35  66 
99  24  70  10  71  58  26  9   84  19  47  0   49  45  37  40  70  31  92  99  33  93  77  7   24  13  77  27  73  22  96  30  78  73  60  82  14  49  28  45  100 73  7   10  28  67  33  25  39  47 
53  91  74  1   53  31  1   68  62  54  28  51  23  36  88  58  85  11  73  48  21  53  36  25  29  97  85  37  45  64  38  85  19  63  84  10  91  78  85  60  12  99  54  29  9   2   48  57  73  18 
21  26  13  31  92  55  5   55  9   53  80  17  27  5   86  63  57  96  5   41  36  98  62  35  47  27  23  29  9   32  65  37  37  70  10  30  62  16  92  56  31  31  20  31  11  84  47  36  56  16 
60  7   83  89  56  85  3   97  17  90  34  49  4   68  84  6   51  81  30  22  82  39  63  93  100 61  24  79  94  21  98  54  8   56  78  74  94  48  87  48  15  3   65  80  72  34  42  14  33  71 
30  5   45  36  54  100 86  40  29  85  59  51  10  33  18  38  48  90  68  19  72  51  63  51  56  46  97  54  4   16  100 62  63  50  77  76  9   100 88  15  50  64  59  78  91  75  59  29  84  19 
74  75  62  68  33  31  70  76  63  91  93  79  66  89  93  32  36  43  78  19  0   15  51  99  52  98  93  13  81  52  10  26  86  64  45  82  42  2   19  77  71  0   55  62  48  27  43  68  28  65 
72  30  27  61  18  11  34  16  30  15  67  14  24  55  35  59  71  2   27  84  29  83  45  60  77  21  82  28  17  9   1   79  35  68  95  51  73  65  57  49  14  20  21  14  36  23  59  4   26  13 
57  18  33  17  21  3   96  80  10  71  99  28  29  14  12  55  19  97  60  4   83  85  28  43  28  32  68  13  92  4   4   77  27  23  83  57  2   54  64  98  68  36  12  0   43  70  48  68  61  39 
33  68  35  92  3   52  16  88  14  34  0   39  20  62  50  17  43  81  48  41  20  11  64  73  93  25  36  78  77  35  23  26  89  5   98  44  94  100 86  90  49  97  59  7   3   97  59  23  19  84 
64  14  30  97  84  12  61  48  29  7   9   35  18  89  91  33  58  15  55  50  99  32  24  80  84  14  50  58  14  18  39  26  36  38  32  72  62  88  1   39  95  100 3   85  23  55  31  63  80  89 
32  62  65  75  17  60  87  27  66  76  78  82  82  3   5   24  74  26  1   87  90  81  92  20  51  43  28  35  35  24  95  48  49  28  11  81  84  87  99  9   76  90  17  94  21  97  51  42  20  98 
2   26  55  78  50  82  92  14  10  30  20  41  32  2   100 100 62  8   78  33  27  67  38  19  18  83  33  86  91  97  13  99  18  96  92  79  23  29  24  79  18  23  22  41  5   41  95  92  99  98 
5   5   35  24  94  73  27  28  88  51  61  86  60  11  18  88  46  63  4   45  82  80  42  12  0   84  58  45  27  24  63  5   89  62  31  67  51  84  0   36  67  42  55  77  85  10  42  69  56  63 
92  29  84  38  15  7   68  1   67  70  66  42  79  59  69  91  17  88  48  41  98  80  35  85  68  47  16  68  61  16  37  80  58  62  92  74  83  34  62  18  21  14  53  35  35  38  1   10  44  52 
10  82  75  48  88  12  74  66  0   56  26  9   67  75  37  9   84  5   79  50  40  9   76  29  86  23  51  6   56  59  61  88  84  58  29  80  87  46  59  94  5   55  39  56  15  12  14  17  77  7  
0   76  69  21  70  54  16  27  100 7   24  17  88  73  13  70  69  82  3   13  38  65  24  40  0   43  6   90  38  51  97  85  81  42  68  55  14  56  67  80  66  22  20  63  44  23  92  81  98  79 
19  67  31  41  73  40  1   86  79  61  8   49  80  96  17  66  31  4   84  97  33  57  39  23  29  92  85  50  18  72  23  97  27  58  61  75  88  55  72  28  38  73  2   18  45  29  42  75  6   80 
5   35  34  58  55  98  67  63  4   83  20  47  7   15  65  8   76  81  89  58  5   96  4   47  47  74  13  43  96  91  54  100 48  84  48  22  33  68  35  49  68  68  12  20  48  26  30  14  2   77 
83  12  66  8   1   45  22  13  97  24  59  27  67  48  100 39  20  61  64  74  57  46  56  0   65  95  67  48  89  80  74  15  73  99  67  2   71  63  21  47  5   37  15  25  33  24  99  20  97  82 
67  48  100 70  41  18  38  85  25  53  6   58  66  19  16  91  27  5   35  27  46  63  63  67  61  38  21  4   55  8   44  77  19  91  20  77  10  100 45  53  99  73  35  59  98  53  5   2   65  86 
42  39  69  27  9   68  82  88  68  68  19  77  81  7   42  55  12  52  4   36  18  83  95  86  42  46  61  71  91  69  84  85  64  40  32  76  83  44  23  13  81  36  55  67  68  34  84  9   68  69 
91  51  54  100 40  77  0   98  48  27  19  82  61  37  19  64  20  7   44  91  2   10  12  54  36  18  48  91  39  37  5   94  44  60  75  32  6   84  60  43  18  62  82  87  39  43  7   63  68  37 
14  75  12  44  76  90  27  40  14  71  79  76  30  79  28  30  21  68  48  12  49  99  23  68  100 3   23  15  65  74  17  39  13  33  73  91  91  14  39  7   27  39  87  80  29  4   80  32  97  3  
63  68  39  100 28  87  3   74  71  90  19  88  24  25  31  34  22  28  59  85  72  91  69  19  94  41  28  13  28  1   77  98  20  97  38  24  44  82  12  27  33  94  75  63  13  60  70  20  13  52 
67  93  55  86  26  96  47  94  65  57  44  100 74  4   49  74  69  94  23  92  11  14  45  5   73  25  29  67  51  75  85  16  81  1   96  34  91  38  61  92  25  32  22  21  31  81  3   56  88  83 
6   74  18  66  22  44  61  96  70  49  51  24  75  75  95  36  54  100 33  22  78  26  57  34  10  3   28  84  64  0   49  48  31  86  1   62  2   7   67  66  95  71  2   29  32  70  13  43  68  100
84  39  23  6   7   2   98  16  65  29  33  94  45  64  23  100 82  57  81  44  22  34  59  99  82  18  56  54  30  8   5   65  70  47  88  97  6   75  31  37  88  24  44  54  39  100 17  23  50  56 
85  2   2   90  77  65  62  49  43  39  90  40  53  99  85  11  79  7   56  7   88  54  92  1   10  67  41  16  25  38  97  55  27  95  52  2   52  45  61  1   80  38  37  50  16  97  15  22  45  66 
34  86  22  51  95  87  72  78  4   44  80  60  66  86  98  56  52  96  75  28  52  50  24  60  36  95  28  73  75  50  82  6   50  10  86  11  9   81  96  17  38  26  24  95  11  9   68  40  1   30 
28  87  53  0   41  37  96  91  21  24  58  30  43  3   13  73  6   62  33  93  52  97  71  13  98  78  91  21  89  63  9   56  28  8   11  35  85  7   83  82  59  22  31  88  87  88  45  7   82  43 
52  16  45  79  50  68  97  15  84  88  12  17  92  52  49  18  9   63  74  25  94  90  23  56  6   53  65  18  27  1   55  95  86  42  17  44  27  5   50  33  47  82  57  91  66  19  49  45  13  67 
95  47  90  30  51  52  30  25  98  50  62  9   36  50  38  36  3   77  63  71  55  80  93  64  88  38  34  31  18  80  76  16  77  92  70  90  53  56  48  83  52  19  15  70  6   11  100 53  18  84 
97  67  56  32  64  88  79  3   94  9   46  85  66  59  72  76  35  5   3   17  73  50  75  33  90  93  51  63  84  92  13  100 79  93  96  72  10  66  24  23  16  45  56  90  45  14  72  71  79  68 
35  55  1   52  75  55  57  72  94  25  93  58  77  68  56  29  91  83  39  79  59  60  93  12  79  17  43  52  88  3   12  75  0   8   21  83  71  21  65  21  13  49  16  67  87  39  5   98  43  88 
76  100 31  6   29  96  2   98  91  36  63  81  61  47  41  40  97  27  56  88  84  30  78  28  76  79  62  100 12  49  69  9   4   35  40  36  45  86  85  14  38  55  20  19  1   79  53  5   36  42 
4   68  2   51  59  88  4   44  4   79  52  61  28  84  95  15  78  64  84  71  9   52  52  99  17  31  70  69  56  11  86  76  37  55  66  17  39  81  30  33  11  50  40  35  70  77  11  16  57  19 
89  12  84  39  76  80  14  39  30  94  100 46  45  45  85  100 88  68  55  97  83  29  70  69  11  81  13  52  20  19  31  31  98  25  26  16  31  2   6   69  54  31  31  50  45  81  90  18  28  3  
94  1   70  18  1   22  73  89  9   22  89  14  22  98  50  22  34  97  84  86  80  75  41  69  94  98  1   27  81  35  79  55  51  8   71  39  58  70  94  7   17  92  82  91  19  22  24  79  38  55 
60  20  4   82  60  98  54  69  9   42  66  98  8   77  87  35  17  55  55  57  21  32  94  98  31  18  96  67  10  76  72  71  12  48  85  58  28  59  87  60  73  57  1   64  53  18  54  23  28  15 
55  3   89  6   72  30  55  28  59  58  6   4   95  37  7   46  5   56  25  71  52  78  84  49  85  28  74  52  97  85  81  6   19  55  40  46  84  76  15  62  67  12  63  64  42  3   65  96  50  23 
