60 10
59  11  19  50  60  94  79  6   39  5   33  39  55  98  77  68  67  95  54  71  46  27  57  65  81  92  25  77  55  58  52  41  73  68  83  48  44  59  54  90  41  67  78  84  39  33  60  78  43  53  47  2   60  85  41  13  100 37  72  100
33  23  88  73  26  55  73  5   93  14  72  19  99  71  0   6   18  1   13  68  56  23  82  4   57  27  78  20  47  35  67  34  28  45  48  91  44  35  64  65  19  30  91  8   31  65  10  49  29  51  47  88  77  99  87  54  35  83  99  56 
90  68  57  44  69  65  19  94  24  25  22  56  64  72  52  48  69  34  16  66  3   36  62  3   70  59  64  98  54  57  11  33  44  65  29  89  39  6   40  2   68  51  97  3   50  42  60  68  5   32  83  26  46  46  28  100 15  40  33  77 
100 38  15  92  20  61  92  22  54  67  25  74  0   71  69  19  98  39  90  67  70  80  13  22  27  57  4   99  49  3   60  13  10  9   74  37  4   71  78  17  56  73  94  100 50  16  85  81  13  58  83  10  1   42  44  89  83  83  11  55 
60  59  97  91  83  64  31  23  97  4   32  41  100 77  38  52  72  48  57  34  72  15  74  75  14  27  8   93  42  97  32  11  34  29  44  10  39  16  53  45  59  73  93  66  34  77  58  46  27  19  33  38  36  15  67  94  98  36  48  51 
5   35  15  26  95  49  11  38  44  12  35  10  72  35  72  12  7   59  73  20  36  12  41  85  33  39  83  46  68  82  69  1   66  52  38  72  93  94  41  60  6   60  8   1   71  37  62  75  22  100 94  21  91  81  23  32  96  31  34  17 
44  33  21  4   22  23  40  84  10  8   92  32  86  19  8   27  19  89  93  10  58  36  48  67  76  30  62  6   57  75  16  79  39  63  8   83  89  29  39  41  47  20  24  15  15  98  34  98  78  40  39  70  21  38  68  22  95  63  23  17 
96  42  60  0   25  40  93  58  6   96  85  63  2   4   38  11  8   83  55  45  53  9   82  16  29  69  83  39  36  80  47  55  13  85  46  43  11  75  56  80  81  48  64  34  64  68  64  86  6   74  58  14  66  34  75  46  42  0   15  85 
35  89  27  32  52  49  89  60  45  82  94  7   87  34  53  16  30  67  97  69  2   5   92  91  98  48  54  82  59  94  57  83  23  22  45  32  84  61  43  37  73  27  30  4   25  0   70  92  19  6   70  29  56  80  14  5   85  52  91  93 
6   37  92  23  85  38  55  91  53  52  30  45  94  20  94  46  43  3   76  70  33  58  20  84  0   66  66  67  19  16  70  18  60  61  19  57  59  5   49  25  83  95  32  2   36  64  92  25  42  87  73  85  30  30  12  13  2   42  3   82 
